day,M-1430 | item:038005,M-1430 | item:042342,M-1430 | item:333362,M-1430 | item:344135,M-1430 | item:708073,M-1430 | item:730384,M-1430 | item:734545,M-1430 | item:773474,M-1810 | item:001757,M-1810 | item:001848,M-1810 | item:001893,M-1810 | item:002612,M-1810 | item:007923,M-1810 | item:016332,M-1810 | item:029313,M-1810 | item:039668,M-1810 | item:049371,M-1810 | item:055703,M-1810 | item:099439,M-1810 | item:338928,M-1810 | item:338929,M-1810 | item:426331,M-1810 | item:693055,SDC-1450 | item:021081
0,123.456687,59135.16,2755.0,1605.0,10.34865,546.96,7.84,4634.26464,6.26052,3.14244,19.90212,3.25815,635.04,1.098636,0.104748,0.065163,10.109806,0.170926,3.25815,3205.0,1930.0,14.355,1301.23,983400.0
1,123.054206,57747.294,2732.0,1582.0,10.16626,542.084,7.656,4412.206126,6.223168,3.114426,19.724698,3.21146,560.336,1.08743,0.103814,0.064229,10.075255,0.169058,3.21146,3182.0,1907.0,14.102,1291.892,983399.640362
2,122.616726,56238.744,2707.0,1557.0,9.96801,536.784,7.456,4170.838176,6.182568,3.083976,19.531848,3.16071,618.8,1.07525,0.102799,0.063214,10.0377,0.167028,3.16071,3157.0,1882.0,13.827,1281.742,983398.86714
3,122.179247,54730.194,2682.0,1532.0,9.76976,531.484,7.256,3929.470226,6.141968,3.053526,19.338998,3.10996,618.8,1.06307,0.101784,0.062199,10.000145,0.164998,3.10996,3132.0,1857.0,13.552,1271.592,983397.716297
4,121.741767,53221.644,2657.0,1507.0,9.57151,526.184,7.056,3688.102276,6.101368,3.023076,19.146148,3.05921,618.8,1.05089,0.100769,0.061184,9.96259,0.162968,3.05921,3107.0,1832.0,13.277,1261.442,983396.270551
5,121.304288,51713.094,2632.0,1482.0,9.37326,520.884,6.856,3668.79284,6.060768,2.992626,18.953298,3.00846,537.6,1.03871,0.099754,0.060169,9.925035,0.160938,3.00846,3082.0,1807.0,13.002,1251.292,983394.605426
6,120.89983,50318.411768,2608.88704,1458.88704,9.189974,515.984052,6.671096,3445.643729,6.023233,2.985789,18.775005,2.961541,624.929106,1.02745,0.098816,0.059231,9.890315,0.159062,2.961541,3058.88704,1783.88704,12.747757,1241.908138,983392.779903
7,120.538952,49074.003321,2588.264448,1438.264448,9.026437,511.612063,6.506116,3439.632779,5.989741,2.960671,18.615922,2.919677,633.017821,1.017402,0.097979,0.058394,9.859336,0.157387,2.919677,3038.264448,1763.264448,12.520909,1233.535366,983390.871789
8,120.134292,47678.623632,2565.13993,1415.13993,8.84306,506.709665,6.321119,3216.372075,5.952187,2.932505,18.437539,2.882884,557.909385,1.006136,0.09704,0.057455,9.824598,0.155509,2.872734,3015.13993,1740.13993,12.266539,1224.146811,983388.957946
9,119.696812,46170.073632,2540.13993,1390.13993,8.64481,501.409665,6.121119,2975.004125,5.911587,2.902055,18.244689,2.832134,618.8,0.993956,0.096025,0.05644,9.787043,0.153479,2.821984,2990.13993,1715.13993,11.991539,1213.996811,983387.009903
10,119.259333,44661.523632,2515.13993,1365.13993,8.44656,496.109665,5.921119,2733.636175,5.870987,2.871605,18.051839,2.781384,537.6,0.981776,0.09501,0.055425,9.749488,0.151449,2.771234,2965.13993,1690.13993,11.716539,1203.846811,983384.99508
11,118.821854,43152.973632,2490.13993,1340.13993,8.24831,490.809665,5.721119,2492.268225,5.830387,2.841155,17.858989,2.730634,537.6,0.969596,0.093995,0.05441,9.711933,0.149419,2.720484,2940.13993,1665.13993,11.441539,1193.696811,983382.920319
12,118.384374,41644.423632,2465.13993,1315.13993,8.05006,485.509665,5.521119,2250.900275,5.789787,2.810705,17.666139,2.679884,618.8,0.957416,0.09298,0.053395,9.674378,0.147389,2.669734,2915.13993,1640.13993,11.166539,1183.546811,983380.798974
13,117.979916,40249.738995,2442.02693,1292.02693,7.866774,480.609709,5.336215,2269.118729,5.752252,2.803869,17.487846,2.632965,624.928977,0.946156,0.092041,0.052456,9.639658,0.145513,2.622815,2892.02693,1617.02693,10.912296,1174.162933,983378.643034
14,117.619037,39005.330068,2421.40433,1292.56433,7.703236,476.237718,5.171235,2070.013342,5.718761,2.77875,17.452958,2.591101,557.946772,0.936108,0.092138,0.051619,9.608679,0.143838,2.580951,2871.40433,1596.40433,10.685448,1165.790158,983376.495746
15,117.214377,37774.110282,2398.27981,1269.43981,7.519859,475.57532,4.986238,1846.752623,5.681206,2.7719,17.274576,2.544158,557.909354,0.924842,0.091199,0.05068,9.573941,0.144412,2.580698,2848.27981,1573.27981,10.431078,1156.401603,983374.408813
16,116.776898,36265.560282,2373.27981,1244.43981,7.321609,470.27532,4.786238,1846.752623,5.640606,2.74145,17.081726,2.528933,618.8,0.912662,0.090184,0.049665,9.536386,0.143695,2.529948,2823.27981,1548.27981,10.156078,1146.251603,983372.335515
17,116.339418,34757.010282,2348.27981,1219.43981,7.321609,464.97532,4.771142,1846.752623,5.637358,2.728052,16.888876,2.478183,537.6,0.900482,0.089169,0.04865,9.498831,0.141665,2.529948,2798.27981,1523.27981,10.107926,1136.101603,983370.230055
18,115.901939,33248.460282,2323.27981,1194.43981,7.281959,459.67532,4.571142,2226.744481,5.596758,2.738623,16.696026,2.432001,537.6,0.888302,0.088154,0.04865,9.461276,0.139635,2.479198,2773.27981,1498.27981,10.107926,1125.951603,983368.089707
19,115.46446,31739.910282,2298.27981,1169.43981,7.247246,454.37532,4.571142,2226.744481,5.556158,2.729488,16.503176,2.383598,618.8,0.876122,0.087139,0.047635,9.423721,0.140198,2.428448,2748.27981,1498.27981,9.832926,1115.801603,983365.920903
20,115.060001,30345.225646,2275.16681,1176.32681,7.06396,449.475364,4.386238,2003.594985,5.518623,2.701336,16.324882,2.339024,624.928976,0.874605,0.086201,0.046697,9.389001,0.138931,2.422129,2725.16681,1475.16681,9.578683,1106.417725,983363.730621
21,114.699123,29100.816718,2254.54421,1155.70421,6.900423,445.103373,4.421257,2269.007044,5.485132,2.676218,16.300794,2.29716,633.017795,0.864558,0.085363,0.045859,9.358021,0.138677,2.422129,2704.54421,1454.54421,9.604835,1098.044949,983361.558484
22,114.294463,27705.436933,2231.41969,1132.57969,6.717045,440.200974,4.236261,2269.007044,5.447578,2.648052,16.160982,2.272289,624.891559,0.853292,0.084424,0.044921,9.323284,0.13736,2.375186,2681.41969,1431.41969,9.350465,1088.656394,983359.453569
23,113.856983,26196.886933,2206.41969,1107.57969,6.518795,434.900974,4.036261,2269.007044,5.406978,2.617602,16.103127,2.221539,543.691559,0.841112,0.083409,0.043906,9.285729,0.136751,2.324436,2656.41969,1406.41969,9.350465,1078.506394,983357.367259
24,113.419504,24688.336933,2181.41969,1107.57969,6.320545,429.600974,3.836261,2269.007044,5.366378,2.59446,16.146503,2.170789,618.8,0.828932,0.082394,0.042891,9.248174,0.134721,2.273686,2631.41969,1381.41969,9.075465,1068.356394,983355.252384
25,112.982024,24174.193333,2156.41969,1082.57969,6.304685,424.300974,3.636261,2733.635698,5.325778,2.56401,15.953653,2.122576,537.6,0.816752,0.083206,0.041876,9.210619,0.134112,2.222936,2606.41969,1356.41969,8.800465,1058.206394,983353.105223
26,112.544545,22665.643333,2131.41969,1057.57969,6.473099,419.000974,3.436261,2492.267748,5.285178,2.554875,15.760803,2.071826,618.8,0.804572,0.082191,0.040861,9.173064,0.132082,2.172186,2581.41969,1331.41969,9.027314,1048.056394,983350.931489
27,112.140087,23081.218696,2108.30669,1034.46669,6.289813,424.277018,3.411357,2269.118252,5.247642,2.566156,15.582509,2.036338,543.728976,0.793311,0.081253,0.039922,9.138343,0.131626,2.226766,2558.30669,1308.30669,8.773071,1038.672516,983348.73764
28,111.779208,23647.069769,2087.68409,1013.84409,6.309653,419.905027,3.246376,2775.898261,5.214151,2.541037,15.683289,2.077768,476.746772,0.795444,0.080416,0.040023,9.107364,0.129951,2.184903,2537.68409,1287.68409,8.546222,1030.299741,983346.654198
29,111.374548,22251.689983,2064.55957,990.71957,6.324526,415.002629,3.26138,2794.005491,5.176597,2.534187,15.543476,2.066206,476.709354,0.795444,0.079477,0.039085,9.072626,0.128074,2.13796,2515.588012,1264.55957,8.566852,1020.911185,983344.547415
30,110.961132,22636.376026,2040.934666,967.094666,6.498967,409.994149,3.072381,2789.174425,5.13823,2.525021,15.361234,2.064239,623.266312,0.783934,0.078518,0.03914,9.037137,0.126155,2.090001,2491.963108,1240.934666,8.306978,1011.319474,983342.459754
31,110.545964,23015.023235,2017.209685,943.369685,6.310828,404.964453,3.047562,3000.589763,5.099701,2.517439,15.178219,2.051603,622.941262,0.772375,0.077555,0.038177,9.001497,0.12565,2.04184,2468.238127,1217.209685,8.046004,1001.687132,983340.368627
32,110.130446,25202.722677,1993.464689,964.624689,6.32078,399.930514,2.857602,3012.706471,5.061139,2.509833,15.26504,2.052373,622.876252,0.760806,0.07659,0.03805,8.965828,0.125143,1.993637,2444.493131,1193.464689,7.784809,992.046664,983338.268413
33,109.714858,25579.920565,1969.71569,940.87569,6.132451,394.895726,2.66761,2783.416581,5.02257,2.502222,15.081841,2.046155,545.739503,0.749236,0.076641,0.037086,8.930152,0.123214,1.945427,2445.744132,1169.71569,7.777939,982.40457,983336.159443
34,109.299256,24146.810143,1945.96589,947.12589,6.127401,389.860769,3.062608,2777.37968,4.984001,2.473294,14.937205,2.005111,622.86065,0.737665,0.075677,0.036122,8.894475,0.121286,1.897215,2421.994332,1184.36589,7.791692,972.762151,983334.043464
35,108.883652,22713.690058,1922.21593,923.37593,6.137314,384.825777,2.872608,2789.448464,4.945431,2.465682,14.811853,1.994961,545.72078,0.726094,0.074713,0.035158,8.858798,0.119966,1.849002,2398.244372,1181.77593,7.805442,963.119668,983331.922212
36,108.468046,23090.828041,1898.465938,899.625938,5.948976,379.790779,3.066608,2560.148989,4.906861,2.436754,14.796411,1.951824,545.720676,0.714523,0.073749,0.034193,8.823121,0.120068,1.85154,2374.49438,1196.425938,8.307047,953.477171,983329.797086
37,108.052441,21657.705638,1874.71594,875.87594,5.958889,374.755779,3.431504,2330.849452,4.868291,2.446725,14.738072,1.943576,468.580681,0.702952,0.072784,0.033229,8.787443,0.118139,1.803327,2350.744381,1172.67594,8.595797,943.834672,983328.002165
38,107.636836,22034.843157,1850.96594,852.12594,5.770551,369.720779,3.641504,2758.036966,4.870321,2.43538,14.629093,1.897901,578.737373,0.691381,0.07182,0.032265,8.751766,0.118726,1.903534,2346.994382,1172.05046,8.86379,934.192172,983325.872174
39,107.22123,22411.980661,1848.88847,828.37594,5.582214,364.685779,3.451504,2770.105364,4.831751,2.415588,14.500363,1.862376,501.597374,0.67981,0.070856,0.031301,8.716089,0.120953,1.855322,2323.244382,1186.70046,8.87754,924.549672,983323.740702
40,106.805625,24015.864987,1825.13847,804.62594,5.592126,359.650779,3.626485,2770.104977,4.793181,2.416379,14.452151,1.814164,424.457374,0.679505,0.070851,0.030336,8.680412,0.119025,1.857859,2324.494382,1187.95046,8.61629,925.057172,983321.608158
41,106.390019,22582.742488,1826.38847,803.87594,5.403789,354.615779,3.436485,2763.954921,4.754611,2.427822,14.362283,1.765951,347.317374,0.680114,0.070901,0.031402,8.644734,0.118268,1.809647,2300.744382,1164.20046,8.35504,915.414672,983319.474837
42,105.974414,22959.879988,1802.63847,810.12594,5.398737,349.580779,3.246485,2763.90661,4.716041,2.40803,14.31407,1.7648,270.177374,0.668543,0.069937,0.031376,8.609057,0.117761,1.812184,2276.994382,1163.45046,8.09379,905.772172,983317.762312
43,105.558808,23337.017488,1778.88847,786.37594,5.2104,344.545779,3.056485,2534.607057,4.677471,2.398808,14.304428,1.763836,234.074402,0.669152,0.068973,0.031427,8.57338,0.119874,1.763972,2253.244382,1139.70046,8.059389,905.518227,983315.628024
44,105.143203,23714.154988,1755.13847,762.62594,5.022062,339.510779,3.256485,2305.307505,4.638901,2.387464,14.172322,1.778641,156.934402,0.669761,0.071054,0.032214,8.573379,0.12129,1.762678,2229.494382,1115.95046,8.058013,895.875727,983313.493441
45,104.727598,22281.032488,1756.38847,738.87594,5.2054,339.775779,3.251389,2076.007952,4.640931,2.385778,14.199321,1.742723,320.929723,0.65819,0.070089,0.032264,8.537702,0.120783,1.714466,2205.744382,1130.60046,7.796763,894.353227,983312.805533
46,104.311992,26278.689988,1753.79847,770.12594,5.413562,339.643178,3.251389,2534.607041,4.602361,2.35685,14.275914,1.744816,368.512923,0.646619,0.069125,0.0313,8.502025,0.122198,1.717003,2181.994382,1126.85046,7.535513,884.710727,983310.670584
47,103.896387,24849.441922,1730.04847,746.37594,5.225225,334.608178,3.251389,2534.365488,4.563791,2.369487,14.092707,1.792394,416.096123,0.658494,0.068161,0.031351,8.466348,0.121619,1.668791,2188.244382,1103.10046,7.549263,885.218227,983308.535523
48,103.480781,27036.839422,1706.29847,807.62594,5.036887,329.573178,3.061389,2305.065935,4.525221,2.340559,13.946622,1.794741,463.679323,0.659103,0.067197,0.031224,8.43067,0.119691,1.667521,2164.494382,1079.35046,7.514862,885.725727,983306.439043
49,103.065176,27413.976922,1682.54847,783.87594,4.84855,324.538178,3.061381,2075.766383,4.486651,2.353196,13.81307,1.789742,511.262523,0.659712,0.068186,0.031275,8.394993,0.121041,1.619309,2140.744382,1073.088769,7.514851,876.083227,983304.303844
50,102.64957,25980.854422,1683.79847,793.9815,4.847558,319.503178,3.061381,2075.766306,4.448081,2.365833,13.89882,1.746413,558.845723,0.648141,0.06816,0.03031,8.359316,0.123198,1.571096,2146.994382,1049.338769,7.528601,866.440727,983302.168602
51,102.233965,24547.731922,1660.04847,770.2315,4.65922,314.468178,3.436362,2305.065855,4.409511,2.336905,13.751272,1.707843,481.705723,0.648129,0.067196,0.029346,8.323639,0.124578,1.66371,2153.244382,1050.588769,7.52172,856.798227,983300.03333
52,101.81836,26735.129422,1636.29847,776.4815,4.470883,309.433178,3.616262,2305.063923,4.370941,2.336819,13.761328,1.724141,498.1368,0.636558,0.066232,0.028382,8.287961,0.123822,1.666248,2159.494382,1026.838769,7.79672,862.746127,983297.898036
53,101.402754,27112.266922,1612.54847,783.759941,4.282545,309.298134,4.181042,2305.063923,4.332371,2.386222,13.84811,1.723683,622.86,0.624987,0.065268,0.028357,8.252284,0.123243,1.666246,2135.744382,1063.161299,8.01672,853.103627,983295.762726
54,100.987149,27489.404422,1589.826912,820.009941,4.669132,304.263134,4.570002,2305.063923,4.334401,2.357295,13.901144,1.730385,622.86,0.624987,0.064303,0.029168,8.216607,0.123977,1.618033,2111.994382,1039.411299,8.03047,843.461127,983293.627404
55,100.571543,26056.281922,1604.476912,796.259941,4.877295,299.228134,4.380002,2534.363475,4.295831,2.385917,14.124355,1.701838,622.86,0.613416,0.065191,0.030183,8.18093,0.124586,1.714433,2088.244382,1015.661299,8.29172,833.818627,983291.492074
56,100.155938,30928.263781,1619.126912,832.509941,4.688957,294.193134,4.190002,2534.363475,4.257261,2.377239,14.194192,1.738768,622.86,0.601845,0.064227,0.030183,8.145252,0.124571,1.714433,2064.494382,1016.911299,8.30547,824.176127,983289.877471
57,99.740332,31305.401281,1633.776912,808.759941,4.688957,289.158134,4.760002,2305.063923,4.218691,2.366124,14.216343,1.690556,562.429657,0.602454,0.065216,0.031147,8.109575,0.124287,1.714179,2040.744382,993.161299,8.04422,814.533627,983287.742131
58,99.324727,29872.278781,1610.026912,815.009941,4.68895,284.123134,4.570002,2305.063923,4.180121,2.337197,14.087519,1.71311,485.289657,0.590883,0.065216,0.031146,8.073898,0.123708,1.764929,2016.994382,970.439741,8.043945,804.891127,983285.751002
59,98.909122,30101.571279,1586.276912,821.259941,5.025936,283.990532,4.380002,2075.76437,4.141551,2.348234,13.923597,1.707971,408.149657,0.602758,0.064252,0.030182,8.038221,0.12178,1.763659,1993.244382,946.689741,7.782695,795.291024,983283.615656
60,98.493516,30478.708779,1586.276912,827.509941,5.025936,284.255532,4.190002,2075.76437,4.18211,2.339556,14.048949,1.709557,331.009657,0.591187,0.063288,0.030233,8.002543,0.121201,1.715446,1969.494382,922.939741,7.782695,785.648524,983281.480308
61,98.077911,29045.586279,1600.926912,833.759941,5.035849,288.892523,4.19,2305.063923,4.14354,2.351127,14.074965,1.707139,253.869657,0.591127,0.062324,0.029269,7.966866,0.121973,1.667234,1945.744382,937.589741,8.043945,776.006024,983279.452323
62,98.099785,27612.463779,1577.176912,810.009941,5.035849,283.857523,4.38,2305.063922,4.10497,2.331335,14.020003,1.725535,176.729657,0.579556,0.061359,0.028304,7.931189,0.120623,1.667234,1921.994382,913.839741,7.782695,766.363524,983277.422247
63,97.684179,27989.601279,1553.426912,816.259941,5.035849,278.822523,4.19,2075.76437,4.10497,2.339784,13.875366,1.682144,281.6576,0.579556,0.061334,0.02734,7.895512,0.119851,1.715446,1898.244382,890.089741,7.521445,756.721024,983276.739229
64,97.268574,31987.258779,1529.676912,792.509941,4.847511,278.159514,4.0,2075.76437,4.14557,2.337572,13.7288,1.647,329.2408,0.580165,0.06037,0.027391,7.859834,0.120369,1.709098,1874.494382,911.251432,8.043945,765.805079,983275.024861
65,96.852968,32364.396279,1505.926912,798.759941,4.847511,273.124514,4.39,2075.76437,4.107,2.308645,13.898504,1.655815,376.824,0.604525,0.059405,0.028406,7.824157,0.11844,1.660885,1850.744382,887.501432,8.043945,765.804997,983272.972766
66,96.437363,32741.533779,1520.576912,775.009941,4.659174,268.089514,4.39,2305.063922,4.105965,2.299967,14.062185,1.657971,299.684,0.592954,0.06042,0.027442,7.78848,0.116512,1.612673,1826.994382,891.031319,8.057695,756.162497,983270.837415
67,96.021757,31308.411279,1558.226912,781.259941,5.045761,263.054514,4.39,2534.363475,4.067395,2.271039,13.878978,1.621747,347.2672,0.581383,0.060471,0.028406,7.752803,0.114583,1.659592,1858.244382,905.681319,8.057695,746.519997,983268.702063
68,95.606152,29875.288779,1572.876912,757.509941,4.857424,258.019514,4.2,2305.063922,4.028825,2.262361,14.013972,1.573534,519.5736,0.569812,0.059507,0.029421,7.717125,0.115964,1.653244,1834.494382,881.931319,8.318889,736.877497,983266.566711
69,95.190547,28453.833553,1585.530662,733.759941,5.045563,259.583163,4.2,2534.363475,3.990255,2.253683,13.905968,1.563574,567.1568,0.558241,0.058542,0.028457,7.681448,0.116557,1.655781,1810.744382,896.581319,8.057639,752.975397,983265.953662
70,95.190547,30641.231053,1561.780662,740.009941,4.857226,259.848163,4.01,2305.063922,3.951685,2.224755,13.722761,1.574993,614.74,0.54667,0.058593,0.027492,7.645771,0.117329,1.607569,1786.994382,872.831319,8.057639,752.716759,983263.818311
71,94.774941,29208.108553,1538.030662,746.259941,4.857226,254.813163,4.01,2992.96258,3.913115,2.236326,13.741063,1.608182,537.6,0.546669,0.057629,0.027462,7.647649,0.117359,1.607569,1793.244382,887.481319,8.318889,752.458137,983262.170198
72,94.796815,27774.986053,1514.280662,722.509941,4.867138,255.078163,3.82,2763.663027,3.874545,2.245003,13.740098,1.574687,622.86,0.546669,0.057629,0.027436,7.611971,0.11948,1.607569,1829.494382,888.731319,8.311882,758.406037,983260.464278
73,94.38121,26556.070569,1490.530662,750.627477,5.050516,250.043163,3.63,2992.96258,3.835975,2.224754,13.741062,1.543349,545.72,0.546669,0.056665,0.029365,7.576294,0.117552,1.559356,1869.946759,864.981319,8.050632,748.763537,983258.328926
74,93.965604,26933.208069,1466.780662,726.877477,5.615528,254.916598,3.82,2992.96258,3.797405,2.265705,13.814345,1.510041,622.86,0.546669,0.0557,0.031293,7.540617,0.118323,1.658319,1876.196759,841.231319,7.789382,748.763131,983256.193574
75,93.549999,27310.345569,1443.030662,763.127477,5.615528,249.881598,3.82,2992.96258,3.799435,2.277276,13.631137,1.464239,622.86,0.545145,0.054736,0.032257,7.50494,0.116395,1.658319,1852.446759,841.231319,7.528132,749.480659,983254.058222
76,93.134393,27536.828632,1419.280662,739.377477,5.42719,244.846598,3.63,3222.262132,3.799427,2.248349,13.466154,1.43049,546.804832,0.544835,0.0557,0.032257,7.469262,0.118516,1.657049,1858.696759,817.481319,7.266882,765.60302,983251.92287
77,92.718788,26103.706132,1395.530662,745.627477,5.422139,244.711546,3.82,3222.262132,3.799427,2.23967,13.338873,1.430552,469.664832,0.533264,0.054736,0.033095,7.433585,0.117166,1.608836,1864.946759,832.131319,7.528132,755.96052,983251.39085
78,92.303183,26480.843632,1396.780662,721.877477,5.422138,239.676546,3.82,3222.262132,3.760857,2.219421,13.393835,1.394393,392.524832,0.533873,0.053772,0.033069,7.397908,0.118516,1.656998,1871.196759,808.381319,7.789382,772.05842,983249.752114
79,91.887577,25047.721132,1373.030662,698.127477,5.2338,244.47436,3.82,2992.96258,3.800441,2.239442,13.262195,1.439734,315.384832,0.533563,0.052808,0.032105,7.399786,0.121779,1.753423,1907.446759,784.631319,7.789382,772.05842,983247.616762
80,91.471972,23614.598632,1349.280662,704.377477,5.610475,244.47436,3.82,2992.96258,3.799407,2.251013,13.130572,1.42527,238.244832,0.533197,0.051843,0.033171,7.401663,0.121201,1.705211,1913.696759,760.881319,8.050632,772.117523,983246.32912
81,91.056366,23991.736132,1332.042353,770.627477,5.610475,244.73936,4.01,2763.663027,3.760837,2.251013,13.11418,1.377057,161.104832,0.521626,0.051843,0.032206,7.365986,0.119881,1.755961,1889.946759,737.131319,8.311882,772.117507,983245.604144
82,90.640761,24368.873632,1308.292353,775.079854,5.798813,245.00436,4.01,2992.96258,3.762867,2.222085,12.949292,1.401164,156.9344,0.522235,0.050879,0.031242,7.330309,0.117953,1.707748,1866.196759,713.381319,8.311882,762.475007,983245.070023
83,90.640761,24746.011132,1284.542353,751.329854,5.610475,239.96936,4.39,3222.262132,3.762867,2.193158,12.949292,1.46384,204.5176,0.510664,0.051818,0.033145,7.294632,0.116587,1.659536,1842.446759,689.631319,8.050632,783.936116,983242.934671
84,90.225155,23312.888632,1309.542353,727.579854,5.422138,239.30635,4.39,2992.96258,3.724297,2.18448,12.930779,1.507231,376.824,0.499093,0.050853,0.035073,7.258954,0.114659,1.659536,1818.696759,665.881319,7.789382,783.936116,983242.482031
85,89.80955,27310.546132,1285.792353,703.829854,5.422137,239.57135,4.58,2763.663027,3.724297,2.155552,12.965964,1.502346,299.684,0.499093,0.049889,0.034109,7.223277,0.114659,1.659536,1816.619289,729.281319,7.782502,783.429885,983240.346679
86,89.393945,25877.423632,1362.592353,710.079854,5.2338,250.038747,4.58,2763.663027,3.764897,2.184936,13.075397,1.630615,471.9904,0.520399,0.049889,0.033145,7.1876,0.11273,1.707748,1792.869289,743.931319,8.043752,773.787385,983238.211327
87,88.978339,24655.698694,1338.842353,686.329854,5.2338,245.003747,4.77,2534.363475,3.726327,2.176258,13.569921,1.592552,519.5736,0.520399,0.049889,0.033196,7.151923,0.112761,1.707738,1769.119289,796.981319,7.782502,788.502478,983236.075975
88,88.562734,25032.836194,1315.092353,692.579854,5.2338,239.968747,4.77,2305.063922,3.687757,2.147331,13.423355,1.602195,567.1568,0.543541,0.048925,0.035124,7.18478,0.111989,1.75595,1745.369289,811.631319,7.7825,789.009978,983234.367612
89,88.147128,25409.973694,1311.342353,673.032231,5.045462,234.933747,4.58,2305.063922,3.649187,2.127081,13.533278,1.664861,490.0168,0.53197,0.048899,0.03416,7.149103,0.110061,1.707738,1751.619289,811.631319,8.04375,779.367478,983232.650485
90,87.731523,23976.851194,1325.992353,649.282231,4.857125,235.198747,4.58,2305.063922,3.610617,2.098154,13.386712,1.664861,537.6,0.543541,0.048899,0.03416,7.15098,0.110091,1.804163,1727.869289,791.597869,8.04375,769.724978,983231.043852
91,87.731523,26164.248694,1302.242353,689.686608,5.045462,230.163747,4.77,2075.76437,3.572047,2.097921,13.514957,1.667272,545.72,0.555721,0.047935,0.033196,7.115303,0.110015,1.804163,1704.119289,868.221472,8.305,775.672878,983229.015266
92,87.315917,24748.586301,1344.17224,695.936608,5.2338,245.782339,4.77,2534.363475,3.571031,2.08635,13.368391,1.72246,468.58,0.54415,0.046971,0.035119,7.079626,0.108665,1.900588,1722.552318,863.554923,8.305,776.233284,983227.024374
93,86.900312,23315.463801,1320.42224,702.186608,5.045462,240.747339,4.58,2534.363475,3.571031,2.143976,13.514957,1.710407,622.86,0.555721,0.046971,0.034155,7.079626,0.109244,1.852375,1728.802318,839.804923,8.04375,766.590784,983227.844984
94,86.889367,23692.601301,1358.82224,708.436608,5.2338,241.012339,4.39,2534.363475,3.532461,2.143743,13.533278,1.662194,622.86,0.555721,0.046006,0.034155,7.043949,0.110593,1.852375,1705.052318,839.804923,8.04375,756.948284,983227.365347
95,86.473761,24069.738801,1373.47224,684.686608,5.2338,244.118139,4.2,2992.96258,3.532461,2.184698,13.533278,1.659784,545.72,0.567292,0.047935,0.034155,7.008271,0.113054,1.852375,1681.302318,839.804923,7.7825,747.305784,983225.247977
96,86.058156,22636.616301,1349.72224,690.936608,5.045462,245.356785,4.01,2992.96258,3.534491,2.204938,13.368391,1.650141,469.664832,0.555721,0.046971,0.034155,7.008271,0.114404,1.852375,1687.552318,854.454923,7.52125,747.813284,983223.222139
97,85.64255,23013.753801,1381.860549,667.186608,5.045462,240.321785,4.01,3451.561685,3.573061,2.176011,13.442638,1.676399,392.524832,0.555721,0.047986,0.034155,7.007314,0.114389,1.852375,1693.802318,854.454923,7.26,763.701155,983221.086787
98,85.226945,23390.891301,1381.860549,731.123099,5.2338,250.835215,3.82,3451.561685,3.573061,2.252972,13.405997,1.64024,315.384832,0.54415,0.047984,0.034155,7.009192,0.116155,1.852375,1670.052318,830.704923,7.26,778.142355,983219.700969
99,84.811339,23768.028801,1434.910549,796.360345,5.045462,245.800215,3.63,3222.262132,3.534491,2.224045,13.240619,1.649883,238.244832,0.532579,0.048949,0.035119,6.973515,0.114805,1.900588,1676.302318,806.954923,7.52125,768.499855,983218.386442
100,84.833213,24145.166301,1449.560549,772.610345,5.2338,240.765215,3.63,2992.96258,3.495921,2.264543,13.075732,1.613723,161.104832,0.566981,0.050877,0.034155,6.937838,0.112876,1.900588,1682.552318,783.204923,7.26,782.82053,983217.635724
101,84.833213,22712.043801,1425.810549,748.860345,5.2338,241.030215,3.82,2763.663027,3.457351,2.252972,13.313902,1.575153,208.688032,0.55541,0.052806,0.034155,6.90216,0.110948,1.9488,1688.802318,836.254923,6.99875,788.76843,983215.500372
102,84.417608,21278.921301,1478.860549,755.110345,5.2338,249.171015,3.82,2534.363475,3.457351,2.252972,13.167336,1.575153,329.2408,0.543839,0.051841,0.035119,6.90216,0.110948,1.9488,1695.052318,832.477426,6.7375,779.12593,983213.78927
103,84.417608,21864.559948,1455.110549,761.360345,5.422137,249.165711,4.2,2305.063922,3.452272,2.252972,13.387185,1.534173,376.824,0.543839,0.050877,0.036083,6.866483,0.111719,1.9488,1671.302318,870.877426,6.7375,769.48343,983213.371139
104,84.439482,22241.697448,1431.360549,737.610345,5.2338,251.562864,4.2,2075.76437,3.413702,2.270786,13.387185,1.514888,299.684,0.532268,0.052806,0.036083,6.830806,0.111508,1.900587,1647.552318,847.127426,6.7375,759.84093,983213.151789
105,84.023876,22618.834948,1407.610549,743.860345,5.2338,246.527864,4.39,1846.464817,3.375132,2.30017,13.368864,1.548636,471.9904,0.532268,0.052806,0.035119,6.830804,0.11336,1.9488,1623.802318,888.172244,6.47625,750.19843,983211.443507
106,84.010752,23019.225387,1383.860549,750.110345,5.045462,259.968664,4.58,1617.165265,3.336562,2.325016,13.368864,1.579974,519.5736,0.532268,0.052806,0.034155,6.832682,0.11471,1.9488,1600.052318,864.422244,6.7375,740.55593,983209.308155
107,84.032626,21791.707617,1383.860549,844.514722,5.045462,254.933664,4.58,1387.865712,3.297992,2.336587,13.258939,1.577564,442.4336,0.532268,0.053745,0.033191,6.83456,0.112782,1.997012,1576.302318,901.792357,6.7375,730.91343,983211.427498
108,84.0545,22168.845117,1383.860549,820.764722,5.2338,258.039464,4.39,1617.165265,3.297992,2.30766,13.790241,1.531762,614.74,0.556019,0.05278,0.033191,6.798883,0.113553,1.9488,1552.552318,878.042357,7.52125,721.27093,983209.398773
109,83.638894,20735.722617,1360.110549,797.014722,5.2338,266.180264,4.2,1387.865712,3.259422,2.30766,13.607034,1.536583,537.6,0.544448,0.05278,0.033191,6.763205,0.113553,1.9488,1549.962318,879.292357,7.52125,711.62843,983207.263421
110,84.0545,19302.600117,1336.360549,773.264722,5.045462,261.145264,4.39,1387.865712,3.261452,2.319231,13.588713,1.538994,622.86,0.544448,0.051816,0.033191,6.762079,0.112975,1.9488,1526.212318,855.542357,7.7825,701.98593,983205.128069
111,83.638894,23300.257617,1312.610549,749.514722,5.045462,261.01022,4.2,2075.76437,3.300022,2.290303,13.845203,1.498013,545.72,0.532877,0.051867,0.032226,6.726401,0.113746,1.9488,1525.462318,870.192357,8.04375,692.34343,983203.351217
112,83.638894,23523.844264,1288.860549,755.764722,5.045462,255.97522,4.39,2305.063922,3.261452,2.298981,14.083373,1.488371,545.72,0.556019,0.052806,0.032226,6.690724,0.113746,1.900587,1531.712318,846.442357,8.04375,692.34343,983201.525089
113,83.223289,23900.981764,1291.536946,732.014722,4.857125,264.386072,4.39,2075.76437,3.222882,2.330802,13.936807,1.512477,545.72,0.556019,0.053643,0.033191,6.655047,0.114309,1.900587,1507.962318,861.092357,8.305,682.70093,983201.420059
114,82.807684,26088.379264,1330.949343,738.264722,5.2338,260.6752,4.2,2075.76437,3.222882,2.301874,13.863524,1.514888,546.804832,0.556019,0.054658,0.033191,6.689767,0.116238,1.852375,1484.212318,863.768753,8.56625,673.05843,983199.496011
115,82.392078,24655.256764,1389.481578,718.621099,5.422137,255.6402,4.01,1846.464817,3.184312,2.293196,14.083373,1.498013,469.664832,0.544448,0.055622,0.033191,6.689767,0.115659,1.900587,1460.462318,840.018753,8.305,663.41593,983199.033552
116,81.976473,26842.654264,1423.215029,724.871099,5.2338,258.746,4.2,1846.464817,3.145742,2.264268,14.065052,1.534173,392.524832,0.532877,0.055673,0.032226,6.725445,0.115659,1.852375,1461.712318,816.268753,8.305,653.77343,983197.325266
117,81.560867,27219.791764,1399.465029,701.121099,5.2338,253.711,4.01,2305.063922,3.185326,2.244019,14.193298,1.555868,315.384832,0.521306,0.056637,0.031262,6.689767,0.115659,1.852375,1437.962318,854.668753,8.305,644.13093,983201.490884
118,81.145262,25786.669264,1375.715029,677.371099,5.045462,253.711,4.01,2075.76437,3.146756,2.215092,14.174977,1.558279,238.244832,0.509735,0.055673,0.030298,6.65409,0.114309,1.804162,1444.212318,869.318753,8.305,650.07883,983204.030001
119,80.729656,24353.546764,1351.965029,681.727476,5.045462,253.711,4.01,1846.464817,3.108186,2.186164,14.22992,1.584796,161.104832,0.519783,0.055546,0.032226,6.654052,0.112381,1.75595,1420.462318,845.568753,8.04375,640.43633,983203.923154
120,80.729656,22920.424264,1366.615029,687.977476,5.045462,256.8168,4.01,1846.464817,3.069616,2.165915,14.248241,1.567921,281.6576,0.508212,0.055546,0.031262,6.68973,0.111031,1.75595,1456.712318,845.568753,8.305,646.38423,983202.427781
121,80.314051,23297.561764,1366.615029,664.227476,5.045462,259.9226,3.82,1846.464817,3.031046,2.136987,14.266561,1.572743,329.2408,0.519783,0.054582,0.031262,6.684096,0.110452,1.75595,1461.757564,821.818753,8.56625,636.74173,983201.739916
122,79.898446,21864.439264,1342.865029,670.477476,4.857125,254.8876,4.01,1846.464817,3.030012,2.137444,14.359129,1.560689,376.824,0.52983,0.054582,0.031262,6.648419,0.109874,1.707737,1438.007564,798.068753,8.56625,627.09923,983199.711324
123,79.48284,20431.316764,1344.115029,676.727476,4.668787,257.9934,3.82,2075.76437,2.991442,2.166372,14.395771,1.599259,299.684,0.518259,0.054582,0.032226,6.612742,0.108524,1.659525,1444.257564,874.795097,8.305,617.45673,983200.202951
124,79.067235,20808.454264,1320.365029,712.977476,4.668787,259.187786,3.63,2534.363475,2.952872,2.166372,14.340809,1.555868,347.2672,0.52983,0.05651,0.032226,6.577065,0.106595,1.707737,1452.816318,855.22138,8.04375,607.81423,983199.015391
125,78.651629,22995.851764,1296.615029,689.227476,5.045462,254.152786,3.82,2305.063922,2.914302,2.137444,14.194243,1.620955,394.8504,0.518259,0.055546,0.034155,6.541387,0.106017,1.707737,1429.066318,831.47138,8.305,598.17173,983199.437038
126,78.651629,23372.989264,1311.088632,669.535853,4.857125,254.152786,3.82,2075.76437,2.914302,2.117195,14.011035,1.628187,567.1568,0.518259,0.055419,0.035119,6.50571,0.106595,1.659525,1405.316318,809.763665,8.04375,588.52923,983197.728756
127,78.236024,21939.866764,1312.338632,645.785853,4.668787,257.258586,4.01,2305.063922,2.875732,2.114069,13.827828,1.625776,614.74,0.552972,0.056383,0.036083,6.470033,0.107174,1.659525,1411.566318,848.163665,8.04375,594.47713,983200.800472
128,77.820418,22346.050035,1385.361135,622.035853,4.48045,252.223586,3.82,2305.063922,2.875732,2.131426,14.028873,1.623366,622.86,0.552972,0.056383,0.035119,6.470033,0.106402,1.659525,1409.683853,824.413665,8.04375,600.42503,983199.09219
129,77.820418,22723.187535,1361.611135,657.369099,4.48045,263.470186,4.01,2305.063922,2.870653,2.17771,14.102156,1.618544,622.86,0.564543,0.056383,0.035119,6.434356,0.105053,1.659525,1474.13623,839.063665,7.7825,590.78253,983199.196495
130,77.404813,21290.065035,1337.861135,663.619099,4.857125,274.716786,4.01,2305.063922,2.911253,2.189281,14.212081,1.592028,545.72,0.564543,0.056383,0.036083,6.398678,0.104474,1.659525,1450.38623,815.313665,7.52125,596.73043,983199.189335
131,76.989208,21510.755265,1314.111135,639.869099,4.668787,269.681786,4.2,2075.76437,2.872683,2.189052,14.19376,1.543815,545.72,0.552972,0.055419,0.035119,6.363001,0.104474,1.707737,1426.63623,791.563665,7.52125,587.08793,983197.053983
132,76.573602,21887.892765,1290.361135,616.119099,5.2338,264.646786,4.01,2075.76437,2.951853,2.209302,14.157119,1.620955,545.72,0.552972,0.056383,0.034155,6.327324,0.104281,1.707737,1402.88623,767.813665,7.26,593.03583,983196.413377
133,76.562455,24075.290265,1266.611135,592.369099,5.045462,259.611786,3.82,1846.464817,2.913283,2.200623,14.138798,1.625776,546.804832,0.564543,0.056383,0.034155,6.291647,0.106981,1.659525,1379.13623,744.063665,7.52125,583.39333,983195.132123
134,76.14685,22642.167765,1352.134943,568.619099,4.857125,254.576786,4.01,2075.76437,2.908204,2.189052,14.083836,1.649883,469.664832,0.576114,0.059276,0.033191,6.255969,0.109102,1.611312,1355.38623,768.391071,7.26,598.981699,983193.20278
135,75.731244,23019.305265,1391.203779,574.869099,4.668787,249.541786,3.82,2305.063922,2.869634,2.177481,14.19376,1.613723,392.524832,0.587685,0.059276,0.033191,6.220292,0.110259,1.659525,1361.63623,744.641071,6.99875,589.339199,983191.494092
136,75.731244,25206.702765,1427.917491,611.119099,4.857125,244.506786,4.01,2075.76437,2.869634,2.244015,14.340326,1.635419,315.384832,0.599256,0.058312,0.032226,6.184615,0.110838,1.611312,1425.944608,783.041071,6.7375,579.696699,983191.714771
137,75.676517,25583.840265,1404.167491,617.369099,5.422137,239.471786,4.39,1846.464817,2.831064,2.275835,14.322005,1.620955,238.244832,0.599256,0.059276,0.031262,6.22217,0.109488,1.611312,1462.194608,759.291071,6.99875,630.669999,983191.063444
138,75.66537,27771.237765,1405.424326,623.619099,5.610475,242.577586,4.58,2075.76437,2.792494,2.275835,14.157119,1.582385,161.104832,0.610827,0.059276,0.031262,6.186493,0.10891,1.5631,1468.444608,735.541071,6.99875,621.027499,983189.355162
139,75.249765,26540.82358,1459.210614,599.869099,5.422137,253.824186,4.39,2305.063922,2.831064,2.272942,14.157119,1.570332,156.9344,0.599256,0.06024,0.032226,6.150815,0.110259,1.5631,1444.694608,771.642285,6.99875,626.975399,983187.539919
140,75.249747,26917.96108,1435.460614,606.119099,5.2338,269.996539,4.2,2075.76437,2.908204,2.252693,14.028873,1.630598,329.2408,0.599256,0.06024,0.033191,6.150815,0.109488,1.5631,1420.944608,810.042285,7.26,617.332899,983187.475772
141,74.834142,29105.35858,1514.905432,616.379476,5.2338,274.354882,4.2,1846.464817,2.908204,2.272942,13.863987,1.584796,376.824,0.587685,0.059276,0.033191,6.149876,0.110259,1.611312,1397.194608,786.292285,7.26,632.923299,983185.874258
142,74.834142,29482.49608,1529.555432,592.629476,5.2338,269.319882,4.39,2305.063922,2.908204,2.261371,13.680779,1.575153,424.4072,0.576114,0.058312,0.032226,6.185553,0.10891,1.659525,1403.444608,762.542285,6.99875,623.280799,983184.056756
143,74.418537,31669.89358,1505.805432,598.879476,5.2338,264.284882,4.39,2305.063922,2.908204,2.241122,13.552534,1.567921,347.2672,0.576114,0.061205,0.031262,6.185553,0.109488,1.659525,1409.694608,777.192285,6.99875,623.788299,983182.338666
144,74.002931,30271.609683,1482.055432,635.129476,5.045462,259.249882,4.77,2305.063922,2.940684,2.24112,13.479251,1.567921,394.8504,0.587685,0.062169,0.030298,6.185553,0.108717,1.659525,1415.944608,753.442285,6.99875,639.833293,983180.742825
145,73.587326,28838.487183,1496.705432,639.437853,4.857125,254.214882,4.58,2075.76437,2.978219,2.24112,13.479251,1.589617,442.4336,0.587685,0.063133,0.032226,6.185553,0.111417,1.659525,1451.373853,768.092285,6.99875,645.781193,983181.57566
146,73.947766,27405.364683,1472.955432,705.687853,4.668787,258.339837,4.39,2075.76437,2.978218,2.220871,13.680779,1.623366,490.0168,0.587685,0.063133,0.031262,6.185553,0.115466,1.659525,1427.623853,821.142285,6.99875,636.138693,983182.534602
147,73.532161,27782.502183,1474.198598,681.937853,4.668787,263.374837,4.39,1846.464817,2.939648,2.220871,13.607496,1.60167,622.86,0.576114,0.062169,0.031262,6.149876,0.116238,1.707737,1403.873853,821.142285,7.26,626.496193,983181.642969
148,73.96964,28000.295997,1488.848598,658.187853,4.668787,258.339837,4.2,2075.76437,2.939648,2.2093,13.717421,1.654704,622.86,0.587685,0.061205,0.031262,6.145178,0.119516,1.804162,1410.123853,835.792285,7.26,626.496193,983179.828162
149,73.554035,26567.173497,1503.498598,664.437853,5.045462,253.304837,4.39,2305.063922,2.901078,2.267155,13.662458,1.620955,622.86,0.587685,0.06024,0.032226,6.147056,0.120866,1.804162,1416.373853,871.2,6.99875,632.444093,983177.801546
150,73.13843,26944.310997,1479.748598,670.687853,5.045462,248.269837,4.2,2305.063922,2.939648,2.246906,13.625817,1.642651,622.86,0.576114,0.06024,0.031262,6.147056,0.120866,1.75595,1396.73023,869.513712,6.99875,638.391993,983176.201696
151,72.722824,27321.448497,1479.748598,736.937853,4.857125,243.234837,4.01,2075.76437,2.939648,2.278726,13.6991,1.606491,622.86,0.564543,0.059276,0.030298,6.111378,0.120866,1.804162,1372.98023,845.763712,7.52125,657.394541,983176.201692
152,72.307219,25888.325997,1455.998598,713.187853,4.857125,246.340637,4.39,2075.76437,2.939648,2.270048,13.662458,1.5631,546.804832,0.587685,0.058312,0.030298,6.111378,0.119516,1.804162,1378.217476,822.013712,7.7825,647.752041,983177.844527
153,71.891613,24455.203497,1470.648598,689.437853,5.2338,244.969904,4.39,1846.464817,2.978218,2.24112,13.6991,1.620955,469.664832,0.599256,0.057348,0.029334,6.147056,0.118166,1.804162,1354.467476,836.663712,7.52125,647.752041,983179.128676
154,71.476008,23221.892896,1446.898598,665.687853,5.045462,239.934904,4.2,2305.063922,2.939648,2.232442,13.625817,1.649883,392.524832,0.599256,0.058312,0.029334,6.148933,0.117588,1.804162,1330.717476,851.313712,7.26,647.974411,983179.012103
155,71.060402,21788.770396,1423.148598,671.937853,4.857125,239.934904,4.01,2075.76437,3.016788,2.264262,13.442609,1.606491,315.384832,0.599256,0.057348,0.029334,6.148933,0.120673,1.852375,1306.967476,827.563712,8.305,638.821518,983180.826952
156,70.644797,23976.167896,1399.398598,681.425476,5.2338,243.040704,4.2,2075.76437,3.016788,2.264262,13.387647,1.606491,238.244832,0.587685,0.056383,0.029334,6.113256,0.119323,1.804162,1313.217476,842.213712,8.305,629.179018,983180.186347
157,70.229192,26163.565396,1375.648598,657.675476,5.422137,246.146504,4.01,2534.363475,3.016788,2.284511,13.332685,1.575153,161.104832,0.576114,0.056383,0.030298,6.077579,0.118745,1.804162,1319.467476,856.863712,8.04375,619.536518,983179.118655
158,69.813586,28350.962896,1375.648598,633.925476,5.610475,241.111504,3.82,2534.363475,3.016788,2.284511,13.497572,1.642651,281.6576,0.564543,0.055419,0.031262,6.077579,0.119516,1.852375,1355.717476,871.513712,8.8275,644.769418,983177.622589
159,69.397981,28728.100396,1351.898598,640.175476,5.422137,242.226007,4.2,2534.363475,2.978218,2.304761,13.351006,1.71738,204.5176,0.576114,0.054455,0.030298,6.041902,0.118166,1.804162,1391.967476,847.763712,8.8275,635.126918,983175.700476
160,69.397981,29105.237896,1328.148598,676.425476,5.2338,237.191007,4.39,2534.363475,3.016788,2.32501,13.479251,1.673989,376.824,0.576114,0.053491,0.032226,6.006224,0.116816,1.75595,1368.217476,824.75,8.56625,641.074818,983175.42805
161,69.397981,27672.115396,1304.398598,652.675476,5.2338,240.296807,4.58,2534.363475,3.016788,2.365508,13.369326,1.673989,424.4072,0.576114,0.052526,0.031262,6.006036,0.117395,1.804162,1434.467476,801.0,8.56625,647.022718,983173.399466
162,68.982375,26238.992896,1304.398598,748.104722,5.045462,259.243875,4.39,2534.363475,3.016788,2.353937,13.241081,1.669168,347.2672,0.587685,0.052526,0.031262,5.970359,0.118745,1.804162,1410.717476,839.4,8.56625,668.561018,983172.972354
163,68.56677,26616.130396,1280.648598,784.354722,5.045462,266.720289,4.39,2305.063922,3.055358,2.32501,13.259402,1.67881,519.5736,0.576114,0.053491,0.030298,5.96942,0.118166,1.852375,1416.967476,854.05,8.56625,674.508918,983174.719087
164,68.588644,28641.287794,1280.648598,790.604722,5.045462,266.720289,4.39,2075.76437,3.016788,2.333688,13.20444,1.673989,567.1568,0.576114,0.055419,0.030298,5.971297,0.118745,1.852375,1453.217476,868.7,8.305,664.866418,983177.387461
165,68.173038,30828.685294,1295.298598,826.854722,5.045462,284.751979,4.2,2763.663027,3.016788,2.304761,13.186119,1.642651,614.74,0.564543,0.054455,0.029334,5.93562,0.119516,1.804162,1429.467476,844.95,8.04375,655.223918,983176.10625
166,68.173038,29395.562794,1271.548598,803.104722,5.045462,292.892779,4.2,2534.363475,2.978218,2.29319,13.167798,1.705327,622.86,0.552972,0.055419,0.031262,5.899943,0.120095,1.804162,1405.717476,821.2,8.04375,645.581418,983177.591152
167,67.757432,29772.700294,1273.379761,779.354722,5.045462,292.892779,4.39,2534.363475,2.978015,2.29319,13.314364,1.705327,545.72,0.552972,0.054455,0.030298,5.864266,0.120673,1.75595,1381.967476,797.45,8.04375,635.938918,983178.872361
168,68.588643,28339.577794,1249.629761,755.604722,4.857125,292.078032,4.58,2305.063922,2.980045,2.281619,13.442609,1.671578,622.86,0.552972,0.053491,0.030298,5.828588,0.121252,1.804162,1418.217476,773.7,8.305,657.477218,983177.267817
169,68.173038,26947.086729,1229.596311,731.854722,4.668787,293.048365,4.58,2534.363475,2.941475,2.270048,13.515892,1.635419,545.72,0.541401,0.052526,0.031262,5.792911,0.119902,1.75595,1454.467476,774.943165,8.04375,679.015518,983181.824441
170,67.757432,25513.964229,1244.246311,738.104722,4.668787,288.013365,4.39,2305.063922,2.941475,2.270048,13.332685,1.669168,622.86,0.541401,0.052526,0.031262,5.757234,0.119709,1.804162,1460.717476,799.362002,7.7825,694.739079,983180.329692
171,67.757432,24080.841729,1321.046311,714.354722,4.48045,282.978365,4.58,2305.063922,2.941475,2.310546,13.827345,1.635419,545.72,0.541401,0.052526,0.032226,5.721557,0.118359,1.75595,1466.967476,775.612002,7.7825,685.096579,983178.301107
172,68.194912,22647.719229,1335.696311,690.604722,4.668787,285.850702,4.39,2305.063922,2.941475,2.310546,13.735741,1.633008,469.664832,0.52983,0.052526,0.034155,5.721549,0.118359,1.707737,1473.217476,751.862002,7.7825,691.044479,983178.659219
173,67.779306,26645.376729,1374.096311,696.854722,4.48045,280.815702,4.39,2992.96258,2.902905,2.290297,13.625817,1.633008,392.524832,0.52983,0.052526,0.033191,5.721549,0.116431,1.707737,1513.525853,804.912002,7.52125,681.401979,983176.631664
174,67.80118,25212.254229,1388.746311,703.104722,4.292112,275.780702,4.2,2763.663027,2.902905,2.281619,13.570854,1.642651,315.384832,0.541401,0.052526,0.032226,5.685872,0.115852,1.707737,1523.73823,781.162002,7.26,671.759479,983178.002888
175,67.80118,23779.131729,1367.823807,739.354722,4.292112,270.745702,4.2,2992.96258,2.941475,2.252691,13.479251,1.645061,238.244832,0.541401,0.053491,0.031262,5.650195,0.116624,1.707737,1558.879476,757.412002,7.26,662.116979,983178.108582
176,67.385575,25966.529229,1344.073807,715.604722,4.292112,281.992302,4.01,2763.663027,2.941475,2.27294,13.351005,1.60167,161.104832,0.52983,0.053491,0.031262,5.614517,0.116624,1.707737,1535.129476,772.062002,7.52125,668.064879,983178.855955
177,67.385575,26178.530212,1344.073807,691.854722,4.103775,290.133102,3.82,2763.663027,2.941475,2.261369,13.351005,1.623366,281.6576,0.541401,0.052526,0.030298,5.616395,0.117202,1.707737,1511.379476,772.062002,7.52125,689.603179,983178.194425
178,66.969969,28365.927712,1320.323807,668.104722,4.103775,293.238902,4.2,2763.663027,2.902905,2.252691,13.570854,1.652293,204.5176,0.52983,0.055419,0.030298,5.580718,0.115852,1.659525,1517.629476,748.312002,7.52125,679.960679,983179.579091
179,66.969969,28743.065212,1336.322594,672.269099,3.915437,293.238902,4.01,2763.663027,2.902905,2.284511,13.625817,1.652293,252.1008,0.541401,0.056383,0.031262,5.616395,0.115274,1.659525,1553.879476,839.762002,7.52125,680.986977,983178.938485
180,66.554364,29120.202712,1312.572594,706.529476,4.48045,296.344702,4.01,2763.663027,2.940459,2.264262,13.735741,1.712559,299.684,0.52983,0.056383,0.030298,5.580718,0.117973,1.75595,1560.129476,854.412002,7.26,680.986977,983176.803133
181,66.554364,27687.080212,1288.822594,682.779476,4.292112,291.309702,4.2,2763.663027,2.901889,2.301868,13.589175,1.734254,347.2672,0.518259,0.055419,0.031262,5.545041,0.116624,1.707737,1536.379476,830.662002,7.26,671.344477,983174.988084
182,66.138758,26253.957712,1303.472594,659.029476,4.103775,294.415502,4.39,2763.663027,2.89681,2.27294,13.589175,1.739076,394.8504,0.518259,0.056383,0.031262,5.509363,0.117395,1.707737,1542.629476,845.312002,6.99875,661.701977,983173.279802
183,66.127813,26631.095212,1341.872594,725.279476,3.915437,319.601365,4.2,2763.663027,2.85824,2.264262,13.735741,1.729433,442.4336,0.52983,0.056383,0.032226,5.473686,0.117395,1.659525,1548.879476,844.388589,6.99875,687.949877,983171.678288
184,65.712208,28818.492712,1356.522594,701.529476,3.915437,314.566365,4.2,2534.363475,2.89884,2.244013,13.845666,1.702916,490.0168,0.52983,0.057348,0.032226,5.438009,0.117395,1.611312,1555.129476,844.325065,6.99875,678.307377,983170.076073
185,65.712204,27385.370212,1356.522594,735.741853,4.103775,317.672165,4.39,2305.063922,2.89884,2.235335,13.809024,1.763182,537.6,0.541401,0.056383,0.031262,5.402332,0.118166,1.5631,1531.379476,846.156229,7.26,684.390881,983169.542235
186,65.712204,27762.507712,1332.772594,741.991853,4.103775,312.637165,4.39,2534.363475,2.93741,2.255584,13.625817,1.772824,545.72,0.52983,0.057348,0.031262,5.499967,0.119516,1.611312,1567.629476,860.806229,7.52125,674.748381,983172.093276
187,65.712204,26329.385212,1371.172594,718.241853,4.103775,312.637165,4.39,2305.063922,2.89884,2.275833,13.570855,1.753539,622.86,0.518259,0.056383,0.032226,5.46429,0.118166,1.659525,1601.841853,837.056229,7.26,665.105881,983172.382043
188,65.712204,25093.178194,1347.422594,694.491853,3.915437,312.637165,4.2,2305.063922,2.93741,2.255584,13.735741,1.712559,545.72,0.518259,0.055419,0.034155,5.499967,0.118745,1.75595,1608.091853,875.456229,7.26,655.463381,983170.673762
189,65.296599,25470.315694,1362.072594,700.741853,4.292112,307.602165,4.01,2075.76437,2.93741,2.244013,14.120477,1.722201,622.86,0.541401,0.055419,0.034155,5.46429,0.117395,1.707737,1584.341853,890.106229,7.26,665.105881,983170.782498
190,65.296599,24083.617461,1376.722594,736.991853,4.292112,302.567165,3.82,2075.76437,2.97598,2.252691,14.120477,1.710148,546.804832,0.541401,0.054455,0.033191,5.428613,0.118359,1.75595,1590.591853,890.106229,7.52125,671.053781,983169.391479
191,64.880993,24460.754961,1352.972594,772.709099,4.48045,297.532165,3.63,1846.464817,2.97598,2.27294,14.047194,1.664346,469.664832,0.52983,0.055419,0.032226,5.46429,0.119131,1.75595,1566.841853,929.763063,7.52125,661.411281,983167.896732
192,65.230977,23221.651528,1367.622594,778.959099,4.48045,292.497165,3.44,2075.76437,2.97598,2.27294,14.19376,1.659525,392.524832,0.541401,0.056383,0.031262,5.46429,0.119131,1.804162,1543.091853,906.013063,7.26,651.768781,983166.819517
193,65.228788,21788.529028,1367.55907,755.209099,5.045462,287.462165,3.82,2305.063922,2.93741,2.27294,14.028873,1.661936,315.384832,0.541401,0.055419,0.030298,5.46429,0.118359,1.75595,1607.35223,882.263063,7.26,668.374181,983165.004468
194,64.813182,22165.666528,1382.20907,765.373476,4.857125,282.427165,4.01,2305.063922,3.01455,2.264262,13.882307,1.763182,238.244832,0.52983,0.054455,0.031262,5.428613,0.118359,1.707737,1643.60223,884.8,7.26,658.731681,983163.936792
195,64.397577,22374.771094,1358.45907,771.623476,4.857125,277.392165,3.82,2305.063922,2.97598,2.284511,14.157119,1.823448,234.0744,0.541401,0.054455,0.031262,5.535645,0.117009,1.659525,1653.862608,861.05,6.99875,664.679581,983164.478896
196,63.981971,24562.168594,1373.10907,777.873476,4.857125,277.392165,3.63,2305.063922,3.01455,2.27294,14.083836,1.837911,156.9344,0.541401,0.054455,0.031262,5.535645,0.115659,1.659525,1660.112608,861.05,6.99875,686.217881,983165.546569
197,63.566366,26749.566094,1349.35907,754.123476,4.668787,277.392165,3.63,2305.063922,3.09169,2.252691,14.028873,1.835501,329.2408,0.552972,0.053491,0.030298,5.499967,0.114888,1.659525,1666.362608,876.103441,6.7375,676.575381,983165.443919
198,63.150761,27126.703594,1325.60907,730.373476,4.668787,272.357165,3.63,2075.76437,3.05312,2.223764,14.138798,1.830679,376.824,0.552972,0.054455,0.030298,5.46429,0.113538,1.611312,1642.612608,852.353441,6.99875,666.932881,983163.308567
199,63.150761,25693.581094,1301.85907,706.623476,4.857125,267.322165,3.44,2305.063922,3.01455,2.215085,13.973911,1.842733,299.684,0.552972,0.053491,0.031262,5.428613,0.116816,1.5631,1648.862608,828.603441,6.7375,657.290381,983163.415261
200,62.735155,27933.195693,1278.10907,682.873476,4.857125,262.287165,3.44,2305.063922,3.01455,2.206407,13.827345,1.796931,471.9904,0.552972,0.053491,0.030298,5.392936,0.116238,1.5631,1625.112608,828.603441,6.47625,657.290381,983165.38025
201,63.150761,28310.333193,1278.10907,659.123476,4.668787,262.287165,3.63,2534.363475,3.01455,2.217978,13.809024,1.804163,519.5736,0.541401,0.056383,0.029334,5.391996,0.117009,1.5631,1631.362608,828.603441,6.47625,704.061581,983166.447926
202,63.150761,27068.333344,1254.35907,695.373476,4.668787,265.392965,3.63,2534.363475,2.97598,2.189051,13.827345,1.888534,567.1568,0.552972,0.056383,0.028369,5.356319,0.115659,1.514887,1607.612608,881.653441,6.7375,728.751937,983166.553917
203,63.150761,29255.730844,1254.35907,671.623476,4.857125,268.498765,4.01,2305.063922,2.97598,2.17748,13.918949,1.874071,490.0168,0.552972,0.055419,0.029334,5.320642,0.117395,1.611312,1583.862608,857.903441,6.7375,729.544566,983166.843223
204,63.150761,27822.608344,1230.60907,677.873476,5.045462,271.604565,4.2,2075.76437,2.93741,2.217978,14.047194,1.963264,622.86,0.541401,0.055419,0.030298,5.284964,0.120095,1.5631,1590.112608,872.553441,7.26,729.023262,983165.028174
205,62.735155,28199.745844,1230.60907,684.123476,4.857125,271.604565,4.01,2305.063922,2.93741,2.226656,14.028873,1.9488,622.86,0.552972,0.054455,0.031262,5.284964,0.120866,1.5631,1594.468985,848.803441,7.52125,719.380762,983163.425231
206,62.735068,26766.623344,1231.186476,690.373476,4.857125,271.604565,4.01,2305.063922,2.89884,2.206407,14.047194,1.917462,622.86,0.552972,0.054455,0.031262,5.284964,0.120866,1.514887,1600.718985,848.803441,7.26,709.738262,983163.302585
207,63.172547,27143.760844,1245.836476,725.994722,5.045462,267.182911,4.01,2534.363475,2.86027,2.215085,13.93727,1.902998,545.72,0.564543,0.054455,0.032226,5.249287,0.118938,1.514887,1606.05223,825.053441,7.7825,731.276562,983162.720196
208,62.756942,25710.638344,1284.236476,732.244722,5.422137,270.288711,4.39,2305.063922,2.93741,2.206407,13.93727,1.960853,622.86,0.552972,0.054455,0.033191,5.21361,0.121059,1.5631,1612.30223,801.303441,7.52125,737.224462,983160.798379
209,62.756942,24277.515844,1298.886476,708.494722,5.2338,269.283645,4.58,2534.363475,2.97598,2.197729,13.772383,1.931926,545.72,0.541401,0.053491,0.032226,5.177933,0.120288,1.659525,1648.55223,854.353441,7.52125,743.172362,983161.866053
210,62.756942,22844.393344,1313.536476,714.744722,5.2338,277.424445,4.96,2534.363475,2.97598,2.189051,13.882307,1.98737,469.664832,0.52983,0.053491,0.032226,5.142255,0.118359,1.707737,1654.80223,830.603441,7.52125,743.329207,983162.690258
211,62.341336,21411.270844,1289.786476,690.994722,5.045462,272.389445,4.77,2534.363475,2.93741,2.2093,13.735741,1.939158,392.524832,0.518259,0.055419,0.033191,5.142255,0.118359,1.75595,1631.05223,833.103441,7.26,733.686707,983164.80269
212,61.925731,21788.408344,1328.186476,667.244722,5.2338,291.726089,4.58,3222.262132,2.97598,2.189051,13.845666,1.939158,315.384832,0.52983,0.054455,0.033191,5.176976,0.116431,1.707737,1607.30223,847.753441,6.99875,733.165403,983164.268852
213,62.341336,23975.805844,1304.436476,643.494722,5.2338,299.220233,4.39,3222.262132,3.01455,2.2093,14.102156,1.931926,238.244832,0.518259,0.054455,0.032226,5.212653,0.118359,1.804162,1642.827476,886.153441,7.7825,723.522903,983166.431756
214,61.925731,22542.683344,1319.086476,619.744722,5.422137,302.326033,4.58,2992.96258,3.05312,2.197729,14.175439,1.924694,161.104832,0.518259,0.054455,0.031262,5.24833,0.117009,1.804162,1649.077476,862.737441,7.7825,738.6155,983164.509939
215,62.341336,24730.080844,1295.336476,625.994722,5.2338,297.291033,4.39,2763.663027,3.05312,2.238227,14.285364,1.886124,281.6576,0.52983,0.053491,0.033191,5.24833,0.115081,1.852375,1625.327476,839.321441,7.52125,739.6305,983163.869322
216,62.702214,23296.958344,1271.586476,632.244722,5.422137,292.256033,4.39,2534.363475,3.09169,2.270048,14.303685,1.91023,329.2408,0.552972,0.052526,0.033191,5.212653,0.113152,1.900587,1601.577476,877.721441,7.52125,745.5784,983163.762553
217,62.286609,23674.095844,1286.236476,668.494722,5.2338,292.256033,4.39,2534.363475,3.05312,2.249798,14.376968,1.907819,376.824,0.541401,0.051562,0.032226,5.212653,0.115081,1.900587,1581.741853,930.771441,7.7825,735.9359,983164.082855
218,62.702214,22240.973344,1262.486476,644.744722,5.045462,287.221033,4.2,2534.363475,3.13026,2.220871,14.578496,1.929515,424.4072,0.552972,0.051562,0.033191,5.176976,0.115081,1.900587,1557.991853,930.771441,7.7825,735.9359,983163.442249
219,63.11782,20807.850844,1315.536476,650.994722,4.857125,282.989699,4.39,2534.363475,3.09169,2.24112,14.486892,1.922283,347.2672,0.541401,0.050598,0.032226,5.141298,0.115852,1.852375,1534.241853,907.021441,7.7825,726.2934,983161.413665
220,63.11782,24805.508344,1291.786476,627.244722,4.857125,281.769144,4.58,2305.063922,3.09169,2.212193,14.340326,1.886124,394.8504,0.541401,0.051562,0.032226,5.105621,0.117781,1.852375,1510.491853,883.271441,7.52125,716.6509,983163.119495
221,63.533425,26992.905844,1314.252476,663.494722,4.857125,276.734144,4.39,2534.363475,3.05312,2.191943,14.285364,1.840322,442.4336,0.552972,0.051562,0.032226,5.105621,0.117781,1.804162,1516.741853,859.521441,7.7825,731.719996,983161.960432
222,63.11782,27370.043344,1290.502476,703.126345,4.857125,280.2852,4.2,2763.663027,3.13026,2.229549,14.102156,1.808984,490.0168,0.564543,0.052526,0.031262,5.069944,0.117781,1.75595,1522.991853,835.771441,7.7825,737.667896,983161.533361
223,63.970905,27747.180844,1328.902476,709.376345,4.857125,280.70459,4.2,2534.363475,3.09169,2.217978,14.083836,1.780056,622.86,0.587685,0.051562,0.032226,5.034267,0.117202,1.804162,1499.241853,850.421441,8.04375,728.025396,983162.49427
224,63.970905,28124.318344,1343.552476,685.626345,4.668787,283.81039,4.2,2534.363475,3.09169,2.2093,14.230402,1.746308,545.72,0.587685,0.052526,0.033191,4.998589,0.117202,1.75595,1475.491853,826.671441,7.7825,718.382896,983163.455105
225,64.375363,28559.465775,1346.089413,661.876345,4.857125,278.77539,4.39,2534.363475,3.13026,2.275833,14.102156,1.729433,545.72,0.576114,0.053491,0.034155,4.962912,0.115274,1.707737,1451.741853,826.671441,7.7825,708.740396,983162.600942
226,63.959758,28765.673925,1322.339413,668.126345,4.857125,273.74039,4.58,2763.663027,3.16883,2.267155,14.303685,1.688453,545.72,0.576114,0.053491,0.033191,4.927235,0.114695,1.707737,1457.991853,841.321441,7.52125,699.097896,983160.572357
227,64.375363,29142.811425,1344.805413,732.242722,5.2338,268.70539,4.58,2992.96258,3.16883,2.275833,14.450251,1.673989,622.86,0.564543,0.055419,0.033191,4.998589,0.113345,1.75595,1494.241853,817.571441,7.7825,715.703296,983160.3574
228,63.959758,27709.688925,1381.851972,738.492722,5.422137,268.958519,4.39,2763.663027,3.13026,2.255584,14.340326,1.630598,546.804832,0.587685,0.055419,0.033191,4.998589,0.114116,1.75595,1470.491853,832.221441,7.52125,706.060796,983160.677703
229,63.959758,26276.566425,1434.901972,772.561099,5.2338,263.923519,4.58,2534.363475,3.09169,2.267155,14.358647,1.698095,469.664832,0.576114,0.056383,0.035119,5.034267,0.113538,1.804162,1446.741853,830.937441,7.52125,696.418296,983160.142343
230,63.544152,26653.703925,1433.978559,778.811099,5.422137,258.888519,4.39,2534.363475,3.05312,2.287404,14.248722,1.664346,392.524832,0.564543,0.055419,0.036083,4.998589,0.112959,1.804162,1422.991853,807.187441,7.26,696.418296,983158.647596
231,63.544152,28667.27566,1410.228559,815.061099,5.798812,270.135119,4.39,2992.96258,3.09169,2.278726,14.138798,1.666757,315.384832,0.564543,0.056383,0.035119,4.998589,0.112188,1.75595,1433.06023,783.437441,6.99875,686.775796,983159.48812
232,63.489425,27234.15316,1386.478559,791.311099,5.610475,265.100119,4.39,2763.663027,3.05312,2.258477,14.102156,1.695684,238.244832,0.552972,0.056383,0.034155,4.962912,0.113538,1.75595,1409.31023,862.737441,7.26,677.133296,983157.779838
233,63.07382,29421.55066,1362.728559,797.561099,5.422137,260.065119,4.2,2534.363475,3.05312,2.238227,14.340326,1.657114,161.104832,0.541401,0.056383,0.034155,5.000467,0.114309,1.707737,1415.56023,877.387441,6.99875,667.490796,983157.246
234,63.07382,29986.914394,1377.378559,837.677476,5.422137,255.326918,4.01,2992.96258,3.09169,2.217978,14.43193,1.693274,156.9344,0.52983,0.055419,0.033191,4.96479,0.112381,1.707737,1391.81023,853.637441,6.99875,673.438696,983156.605395
235,63.489425,32174.311894,1353.628559,903.927476,5.2338,250.291918,4.01,2992.96258,3.09169,2.229549,14.395288,1.690863,204.5176,0.518259,0.055419,0.034155,4.929113,0.111031,1.659525,1398.06023,868.287441,6.7375,673.438696,983154.887429
236,63.07382,30741.189394,1368.278559,880.177476,5.422137,245.256918,4.01,2763.663027,3.09169,2.229549,14.285364,1.664346,376.824,0.52983,0.055419,0.034155,5.000467,0.109681,1.75595,1404.31023,882.937441,6.47625,689.029096,983153.711229
237,63.07382,31118.326894,1344.528559,886.427476,5.422137,240.221918,4.01,2534.363475,3.09169,2.2093,14.175439,1.616134,299.684,0.541401,0.054455,0.033191,5.000467,0.111031,1.804162,1380.56023,881.584,6.47625,689.029096,983156.813457
238,63.489425,29685.204394,1320.778559,892.677476,5.422137,235.186918,4.01,2763.663027,3.09169,2.200622,14.340326,1.613723,471.9904,0.552972,0.053491,0.032226,4.96479,0.109681,1.804162,1356.81023,943.734,6.47625,679.5222,983157.131548
239,63.07382,30062.341894,1335.428559,868.927476,5.422137,238.292718,3.82,2534.363475,3.05312,2.229549,14.248722,1.606491,394.8504,0.541401,0.054455,0.032226,4.96479,0.111417,1.804162,1333.06023,919.984,6.47625,669.8797,983157.032654
240,63.07382,28629.219394,1311.678559,875.177476,5.610475,238.292718,3.63,2305.063922,3.05312,2.229549,14.212081,1.596849,567.1568,0.52983,0.054455,0.032226,4.929113,0.110067,1.852375,1369.31023,971.2,6.215,675.8276,983159.808611
241,62.658215,27196.096894,1287.928559,851.427476,5.422137,233.257718,3.44,2075.76437,3.13026,2.307653,14.19376,1.594438,490.0168,0.518259,0.053491,0.032226,4.929113,0.109295,1.804162,1345.56023,985.85,6.215,697.3659,983159.488309
242,63.905031,25762.974394,1287.928559,857.677476,5.422137,228.222718,4.01,2075.76437,3.09169,2.278726,14.102156,1.584796,537.6,0.506688,0.055419,0.032226,4.96479,0.110067,1.75595,1321.81023,1000.5,6.47625,687.7234,983157.886795
243,63.905031,24329.851894,1264.178559,833.927476,5.610475,223.187718,4.01,2534.363475,3.13026,2.275833,14.212081,1.548636,545.72,0.495117,0.054455,0.032226,4.96479,0.110067,1.75595,1328.06023,1015.15,6.47625,678.0809,983156.342823
244,63.905031,26517.249394,1264.178559,810.177476,5.422137,234.434318,4.01,2534.363475,3.13026,2.275833,14.230402,1.541404,545.72,0.483546,0.053491,0.031262,5.036144,0.109488,1.707737,1363.681476,1038.9,6.215,668.4384,983155.808422
245,64.309489,25084.126894,1302.912559,786.427476,5.2338,233.936119,3.82,2305.063922,3.13026,2.284511,14.376968,1.531762,545.72,0.52983,0.054455,0.030298,5.036144,0.112188,1.659525,1339.931476,1077.3,6.47625,658.7959,983157.648853
246,64.746968,27335.327157,1305.412559,792.677476,5.2338,228.901119,4.01,2075.76437,3.2074,2.296082,14.358647,1.555868,468.58,0.52983,0.053491,0.031262,5.036144,0.111417,1.659525,1346.181476,1077.3,6.7375,649.1534,983157.114861
247,64.331363,27712.464657,1281.662559,768.927476,5.045462,223.866119,4.2,2305.063922,3.2074,2.362616,14.267043,1.526941,546.804832,0.541401,0.052526,0.031262,5.143176,0.110067,1.707737,1322.431476,1053.55,6.47625,639.5109,983156.26072
248,64.746968,26279.342157,1296.312559,778.947853,4.857125,235.112719,4.2,2075.76437,3.2074,2.353937,14.212081,1.522119,469.664832,0.587685,0.053491,0.030298,5.178853,0.110067,1.659525,1298.681476,1029.8,6.215,645.4588,983156.581023
249,65.184447,26656.479657,1310.962559,815.197853,4.668787,238.218519,4.2,2305.063922,3.16883,2.351045,14.065515,1.510066,392.524832,0.576114,0.054455,0.030298,5.178853,0.110645,1.659525,1304.931476,1006.05,5.95375,666.9971,983158.868574
250,64.768842,25223.357157,1287.212559,791.447853,4.668787,241.324319,4.2,2534.363475,3.13026,2.371294,13.973911,1.510066,315.384832,0.564543,0.055419,0.030298,5.178853,0.112574,1.707737,1281.181476,1020.7,5.95375,672.945,983157.710009
251,64.768842,23790.234657,1263.462559,767.697853,5.2338,236.289319,4.01,2534.363475,3.09169,2.342366,13.95559,1.473907,238.244832,0.552972,0.055419,0.029334,5.143176,0.114502,1.659525,1316.994722,1035.35,5.6925,663.3025,983157.923545
252,64.353237,22542.441976,1239.712559,773.947853,5.2338,239.395119,3.82,2763.663027,3.05312,2.322117,14.065515,1.430516,234.0744,0.552972,0.054455,0.028369,5.107499,0.113924,1.611312,1293.244722,1011.6,5.95375,669.2504,983158.884453
253,63.937631,22919.579476,1254.362559,780.197853,5.422137,239.67199,4.01,2992.96258,3.05312,2.301868,13.882307,1.418463,156.9344,0.541401,0.053491,0.029334,5.107499,0.119323,1.611312,1329.494722,1026.25,5.95375,659.6079,983158.350615
254,63.522026,21486.456976,1254.766,756.447853,5.2338,264.09439,4.2,3222.262132,3.05312,2.29319,13.900628,1.471496,329.2408,0.52983,0.053491,0.030298,5.107499,0.119323,1.659525,1305.744722,1002.5,5.95375,665.5558,983161.126572
255,63.10642,23673.854476,1293.166,792.697853,5.422137,267.20019,4.2,2992.96258,3.01455,2.29319,13.754062,1.459443,376.824,0.52983,0.052526,0.030298,5.143176,0.119902,1.611312,1311.994722,1002.5,6.215,671.5037,983159.418291
256,63.10642,24120.587571,1269.416,798.947853,5.2338,262.16519,4.58,2992.96258,2.97598,2.284511,13.754062,1.444979,424.4072,0.518259,0.051562,0.030298,5.214531,0.120481,1.5631,1288.244722,978.75,6.215,661.8612,983159.931081
257,62.690815,26307.985071,1245.666,805.197853,5.422137,257.13019,4.39,2992.96258,2.97598,2.275833,13.607496,1.449801,471.9904,0.52983,0.051562,0.032226,5.178853,0.119902,1.611312,1264.494722,955.0,6.215,652.2187,983159.397243
258,63.937631,28495.382571,1248.166,809.21823,5.2338,252.09519,4.58,2992.96258,3.05312,2.275833,13.863986,1.406409,394.8504,0.52983,0.051562,0.033191,5.178853,0.117973,1.611312,1270.744722,931.25,6.47625,642.5762,983159.398242
259,63.522026,27062.260071,1262.816,785.46823,5.045462,247.06019,4.58,2992.96258,3.13026,2.246906,13.992232,1.363018,567.1568,0.564543,0.051562,0.033191,5.178853,0.116624,1.5631,1246.994722,907.5,6.47625,632.9337,983158.351614
260,63.10642,27439.397571,1277.466,761.71823,4.857125,258.30679,4.39,2763.663027,3.09169,2.226656,13.992232,1.423284,614.74,0.564543,0.050598,0.033191,5.178853,0.118552,1.5631,1283.244722,883.75,6.215,623.2912,983157.817776
261,62.690815,26006.275071,1318.366,795.690608,5.045462,253.27179,4.39,2534.363475,3.09169,2.197729,13.845666,1.423284,537.6,0.587685,0.049634,0.033191,5.178853,0.118552,1.611312,1259.494722,860.0,6.215,623.2912,983158.911201
262,62.712689,24573.152571,1333.016,801.940608,5.045462,248.23679,4.2,2534.363475,3.09169,2.17748,13.918949,1.519709,622.86,0.576114,0.050598,0.035119,5.178853,0.119709,1.659525,1263.659099,860.0,6.215,632.9337,983157.523222
263,62.712689,24773.567889,1347.666,778.190608,5.422137,243.36747,4.01,2534.363475,3.05312,2.203514,14.028873,1.548636,545.72,0.564543,0.049634,0.034155,5.178853,0.120481,1.707737,1269.909099,836.25,6.47625,638.8816,983159.124736
264,63.128294,26960.965389,1323.916,784.195853,5.610475,238.33247,4.01,2534.363475,3.05312,2.215085,13.900628,1.536583,545.72,0.564543,0.050598,0.035119,5.178853,0.121638,1.707737,1246.159099,812.5,6.7375,629.2391,983157.096152
265,63.959505,25527.842889,1323.916,760.445853,5.422137,233.29747,4.01,2763.663027,3.05312,2.206407,13.973911,1.536583,545.72,0.552972,0.050598,0.034155,5.143176,0.122216,1.659525,1222.409099,812.5,6.99875,619.732204,983161.900694
266,64.375111,24277.153792,1300.166,766.695853,5.2338,257.71987,4.01,2763.663027,3.05312,2.17748,14.175439,1.498013,546.804832,0.541401,0.052526,0.036083,5.214531,0.123373,1.659525,1228.659099,827.15,6.7375,625.815708,983160.29918
267,63.959505,22844.031292,1324.25,772.945853,5.610475,260.82567,3.82,2534.363475,3.05312,2.174587,14.157118,1.502834,469.664832,0.541401,0.052526,0.035119,5.178853,0.121445,1.659525,1234.909099,865.55,6.7375,625.815708,983158.377363
268,65.195376,23221.168792,1338.9,749.195853,5.798812,260.82567,4.01,2305.063922,3.05312,2.194836,14.175439,1.510066,392.524832,0.576114,0.052526,0.035119,5.143176,0.119516,1.75595,1211.159099,841.8,6.47625,616.173208,983156.775849
269,64.779771,23598.306292,1338.9,755.445853,5.610475,255.79067,4.01,2305.063922,3.13026,2.203514,14.322005,1.555868,315.384832,0.599256,0.053491,0.034155,5.143176,0.118938,1.707737,1217.409099,918.6,6.47625,606.530708,983155.067567
270,65.610981,23975.443792,1315.15,731.695853,5.422137,250.75567,4.2,2763.663027,3.16883,2.215085,14.267043,1.647472,238.244832,0.599256,0.055419,0.035119,5.107499,0.117009,1.707737,1193.659099,894.85,6.47625,616.173208,983156.264592
271,65.195376,22542.321292,1291.4,737.945853,5.2338,250.489375,4.2,2763.663027,3.13026,2.246906,14.267043,1.669168,234.0744,0.599256,0.054455,0.034155,5.107499,0.118938,1.659525,1229.909099,871.1,6.7375,616.173208,983159.360852
272,65.195376,21109.198792,1267.65,773.855099,5.422137,250.868377,4.2,2534.363475,3.2074,2.217978,14.248722,1.657114,156.9344,0.622398,0.054455,0.036083,5.106559,0.117588,1.611312,1265.626345,847.35,6.47625,606.530708,983159.682303
273,64.779771,19676.076292,1306.05,780.105099,5.610475,245.833377,4.2,2305.063922,3.16883,2.2093,14.303685,1.652293,329.2408,0.622398,0.056383,0.035119,5.177914,0.116238,1.5631,1271.876345,823.6,6.47625,597.023812,983158.850164
274,65.195376,20053.213792,1282.3,756.355099,5.422137,245.833377,4.01,2305.063922,3.2074,2.229549,14.138798,1.604081,376.824,0.622398,0.056383,0.036083,5.213591,0.116816,1.611312,1278.126345,838.25,6.47625,587.381312,983165.362988
275,65.610981,18620.091292,1284.8,766.130722,5.2338,248.939177,4.01,2305.063922,3.24597,2.249798,14.413609,1.625776,424.4072,0.622398,0.056383,0.036083,5.177914,0.116238,1.611312,1282.194722,814.5,6.215,602.971712,983165.149453
276,65.610981,19072.617219,1299.45,832.380722,5.2338,243.904177,4.2,2075.76437,3.2074,2.261369,14.285364,1.645061,347.2672,0.633969,0.056383,0.035119,5.213591,0.114309,1.5631,1288.444722,829.484,6.47625,593.329212,983166.537432
277,65.600036,17639.494719,1275.7,812.353099,5.045462,255.150777,4.2,2075.76437,3.2074,2.252691,14.120477,1.765593,394.8504,0.657111,0.055419,0.034155,5.284945,0.112959,1.611312,1324.694722,805.734,6.47625,614.867512,983166.644199
278,65.184431,19826.892219,1290.35,818.603099,5.045462,255.150777,4.01,1846.464817,3.16883,2.252691,13.937269,1.736665,567.1568,0.668682,0.056383,0.033191,5.249268,0.112381,1.611312,1300.944722,781.984,6.7375,605.225012,983164.82915
279,65.600036,18393.769719,1305.0,824.853099,5.045462,250.186585,4.01,1846.464817,3.13026,2.252691,14.267043,1.736665,490.0168,0.657111,0.056383,0.033191,5.284945,0.112381,1.611312,1306.949968,820.384,7.26,611.172912,983163.547939
280,65.600036,18770.907219,1303.716,831.103099,5.045462,258.327385,4.2,2534.363475,3.13026,2.27294,14.248722,1.710148,622.86,0.668682,0.055419,0.032226,5.3563,0.112381,1.5631,1283.199968,858.784,7.26,617.120812,983161.519354
281,65.184431,20778.686121,1356.766,837.353099,5.045462,258.327385,4.2,2534.363475,3.13026,2.252691,14.175439,1.712559,622.86,0.668682,0.054455,0.034155,5.391977,0.113538,1.514887,1259.449968,861.284,7.26,618.135812,983162.800565
282,65.184431,21155.823621,1409.816,813.603099,5.045462,258.327385,4.01,2763.663027,3.13026,2.232442,14.230401,1.71738,622.86,0.668682,0.055419,0.033191,5.3563,0.115466,1.466675,1265.699968,837.534,7.52125,608.493312,983161.839655
283,64.768825,26963.741121,1446.932,789.853099,5.045462,253.292385,4.01,2763.663027,3.16883,2.244013,14.45025,1.695684,622.86,0.680253,0.055419,0.032226,5.3563,0.114116,1.466675,1271.949968,852.184,7.7825,614.441212,983161.62612
284,64.35322,25530.618621,1423.182,826.103099,4.857125,256.398185,3.82,2763.663027,3.16883,2.235335,14.340326,1.729433,545.72,0.680253,0.054455,0.031262,5.320623,0.116816,1.514887,1248.199968,866.834,7.7825,613.919908,983161.412585
285,63.937614,25907.756121,1399.432,802.353099,4.857125,251.363185,4.2,2763.663027,3.13026,2.226656,14.248722,1.695684,546.804832,0.680253,0.053491,0.034155,5.320623,0.116045,1.466675,1252.316345,843.084,7.7825,604.277408,983160.238141
286,63.937614,24654.170608,1421.898,808.603099,4.857125,246.328185,4.2,2534.363475,3.13026,2.206407,14.065515,1.669168,469.664832,0.668682,0.053491,0.033191,5.284945,0.117395,1.514887,1256.240722,880.2,8.04375,594.634908,983159.892214
287,63.522009,25031.308108,1436.548,784.853099,5.2338,246.328185,4.01,2305.063922,3.13026,2.255584,14.230401,1.657114,392.524832,0.657111,0.052526,0.033191,5.249268,0.118745,1.466675,1292.149968,856.45,8.305,584.992408,983159.785447
288,63.522009,25408.445608,1436.548,791.103099,5.2338,249.433985,4.01,2763.663027,3.13026,2.264262,14.065515,1.654704,315.384832,0.64554,0.054455,0.035119,5.249268,0.122023,1.514887,1272.170345,871.1,8.305,575.349908,983157.970397
289,63.106403,25785.583108,1412.798,767.353099,5.422137,252.539785,4.39,2534.363475,3.09169,2.235335,13.937269,1.630598,238.244832,0.633969,0.054455,0.034155,5.248311,0.122023,1.466675,1278.420345,847.35,8.04375,565.707408,983155.835045
290,62.690798,26162.720608,1427.448,803.603099,5.798812,252.267577,4.2,2534.363475,3.13026,2.244013,13.809024,1.673989,234.0744,0.633969,0.055419,0.036083,5.248311,0.122602,1.418462,1314.670345,862.0,7.7825,556.064908,983155.728278
291,63.106403,24729.598108,1403.698,779.853099,5.610475,252.267577,4.2,2305.063922,3.16883,2.261369,14.120477,1.669168,281.6576,0.64554,0.057348,0.036083,5.212634,0.123373,1.37025,1410.920345,860.716,8.04375,556.064908,983155.728278
292,62.690798,23296.475608,1379.948,756.103099,5.610475,265.557132,4.01,2075.76437,3.2074,2.322117,14.102156,1.625776,204.5176,0.657111,0.056383,0.035119,5.212634,0.122023,1.418462,1387.170345,875.366,8.04375,546.422408,983155.835039
293,62.690798,23673.613108,1356.198,732.353099,5.610475,268.662932,3.82,1846.464817,3.24597,2.29319,13.918949,1.620955,376.824,0.657111,0.058312,0.034155,5.212634,0.12183,1.37025,1423.420345,913.766,8.305,536.779908,983154.340293
294,62.275193,22240.490608,1409.248,768.603099,5.98715,268.662932,3.63,1846.464817,3.24597,2.29319,13.900628,1.623366,424.4072,0.680253,0.057348,0.034155,5.250189,0.120481,1.37025,1489.670345,966.816,8.04375,527.137408,983154.340293
295,62.275193,22617.628108,1423.898,744.853099,6.363825,271.768732,3.63,1846.464817,3.2074,2.264262,13.845666,1.664346,347.2672,0.668682,0.056383,0.034155,5.214512,0.119902,1.37025,1495.920345,943.066,7.7825,517.494908,983152.418476
296,61.859587,21184.505608,1515.348,808.777476,6.175487,274.874532,3.63,2075.76437,3.16883,2.261369,13.680779,1.676399,394.8504,0.703395,0.056383,0.034155,5.178835,0.119323,1.37025,1502.170345,966.816,7.7825,516.973604,983150.923729
297,61.859587,26992.423108,1491.598,785.027476,6.363825,277.980332,3.63,2534.363475,3.2074,2.24112,13.644138,1.664346,567.1568,0.703395,0.055419,0.033191,5.178835,0.117395,1.37025,1508.420345,1028.966,7.7825,522.921504,983152.098173
298,61.443982,29179.820608,1467.848,791.277476,6.175487,281.086132,3.44,2763.663027,3.16883,2.212193,13.644138,1.693274,614.74,0.703395,0.055419,0.034155,5.178835,0.116045,1.418462,1512.392722,1005.884,8.04375,538.511904,983150.496658
299,61.859587,29455.624353,1444.098,767.527476,6.175487,289.226932,3.44,2763.663027,3.2074,2.27294,13.644138,1.770414,622.86,0.691824,0.054455,0.034155,5.214512,0.117395,1.418462,1488.642722,1046.784,7.7825,528.869404,983148.895144
300,61.443982,28022.501853,1446.598,773.777476,6.363825,284.191932,3.63,2534.363475,3.16883,2.29319,13.625817,1.731844,622.86,0.691824,0.053491,0.033191,5.214512,0.116816,1.37025,1468.615099,1023.034,8.305,519.226904,983147.400398
301,61.443982,26589.379353,1484.998,750.027476,6.175487,279.156932,3.63,2534.363475,3.2074,2.264262,13.589175,1.729433,545.72,0.680253,0.053491,0.034155,5.178835,0.117395,1.322037,1444.865099,999.284,8.04375,509.720008,983148.361306
302,61.028376,26966.516853,1461.248,756.277476,6.363825,274.121932,3.82,3222.262132,3.16883,2.252691,13.772383,1.690863,545.72,0.668682,0.055419,0.035119,5.143157,0.118166,1.37025,1451.115099,975.534,7.7825,541.915808,983148.507626
303,60.612771,25533.394353,1437.498,792.474722,6.175487,277.227732,4.01,2992.96258,3.16883,2.232442,13.735741,1.727023,622.86,0.668682,0.057348,0.035119,5.10748,0.116238,1.466675,1427.365099,990.518,7.7825,532.273308,983146.372274
304,60.612771,25910.531853,1452.148,768.724722,5.98715,280.333532,3.82,2763.663027,3.2074,2.232442,14.010553,1.705327,546.804832,0.657111,0.057348,0.034155,5.178835,0.114888,1.514887,1433.615099,966.768,7.52125,522.630808,983144.343689
305,60.197165,26287.669353,1428.398,774.974722,5.798812,275.298532,3.82,2763.663027,3.28454,2.252691,13.973911,1.734254,469.664832,0.657111,0.057348,0.035119,5.214512,0.112959,1.514887,1409.865099,943.018,7.26,512.988308,983143.916619
306,59.78156,26841.447424,1443.048,781.224722,5.798812,270.263532,3.82,2763.663027,3.24597,2.223764,13.93727,1.763182,392.524832,0.668682,0.056383,0.035119,5.178835,0.113538,1.514887,1386.115099,919.268,7.26,514.003308,983142.208337
307,59.78156,25408.324924,1419.298,757.474722,5.798812,278.191265,3.63,2534.363475,3.28454,2.238227,13.93727,1.736665,315.384832,0.657111,0.055419,0.040905,5.250189,0.113345,1.514887,1392.365099,895.518,6.99875,519.951208,983142.613405
308,59.365955,27410.310994,1419.632,733.724722,5.610475,278.342262,3.63,2305.063922,3.28454,2.238227,14.028873,1.792109,238.244832,0.668682,0.055419,0.03994,5.214512,0.113345,1.5631,1398.615099,933.918,6.7375,525.899108,983145.175828
309,58.950349,27787.448494,1395.882,709.974722,5.798812,278.342262,3.44,2305.063922,3.32311,2.229549,13.900628,1.758361,234.0744,0.657111,0.056383,0.03994,5.178835,0.112767,1.659525,1404.865099,972.318,6.7375,573.685308,983144.718821
310,59.365955,26354.325994,1418.348,686.224722,5.798812,283.377262,3.25,2534.363475,3.28454,2.220871,13.754062,1.75595,156.9344,0.64554,0.055419,0.038976,5.143157,0.113538,1.852375,1381.115099,986.968,6.99875,564.042808,983150.227381
311,59.365955,28541.723494,1394.598,692.474722,5.610475,283.38893,3.06,2305.063922,3.32311,2.232442,13.754062,1.751129,204.5176,0.657111,0.055419,0.038012,5.10748,0.113538,1.804162,1387.365099,1001.618,7.26,554.400308,983149.907078
312,60.612771,27108.600994,1420.848,698.724722,5.798812,299.67053,2.87,2305.063922,3.36168,2.212193,13.735741,1.739076,252.1008,0.657111,0.054455,0.038012,5.10748,0.111609,1.75595,1393.615099,1016.268,7.52125,560.348208,983150.547684
313,60.612771,27485.738494,1397.098,678.601099,5.98715,294.63553,2.87,2305.063922,3.36168,2.183265,13.754062,1.707738,424.4072,0.657111,0.054455,0.037048,5.071803,0.113731,1.804162,1369.865099,992.518,7.7825,560.348208,983148.412332
314,61.028376,29673.135994,1373.348,654.851099,5.798812,297.74133,2.87,2305.063922,3.32311,2.212193,13.735741,1.746308,471.9904,0.64554,0.054455,0.036083,5.071803,0.115852,1.804162,1346.115099,968.768,7.7825,575.938608,983146.490515
315,61.028376,28240.013494,1426.398,691.101099,5.610475,310.550049,2.68,2534.363475,3.36168,2.200622,13.6991,1.787288,519.5736,0.64554,0.053491,0.035119,5.071803,0.113924,1.75595,1322.365099,1021.818,8.04375,581.886508,983145.529606
316,60.612771,30427.410994,1402.648,697.351099,5.610475,305.579945,2.87,2305.063922,3.32311,2.238227,13.882307,1.751129,442.4336,0.657111,0.053491,0.034155,5.071803,0.113924,1.75595,1358.615099,998.068,7.7825,572.244008,983145.61075
317,60.612771,30804.548494,1378.898,703.601099,5.422137,300.544945,3.06,2534.363475,3.28454,2.264262,13.992232,1.746308,614.74,0.657111,0.053491,0.034155,5.10748,0.115852,1.707737,1334.865099,974.318,7.52125,571.722704,983146.571658
318,60.197165,29371.425994,1393.882,679.851099,5.610475,295.509945,3.06,2305.063922,3.28454,2.296082,13.992232,1.734254,537.6,0.668682,0.053491,0.035119,5.214512,0.115852,1.707737,1314.981476,974.318,7.52125,562.080204,983144.649841
319,60.219039,29748.563494,1432.282,686.101099,5.422137,295.509945,2.87,2763.663027,3.24597,2.275833,13.992232,1.693274,460.46,0.657111,0.052526,0.036083,5.178835,0.115274,1.75595,1321.231476,974.318,7.26,568.028104,983145.0135
320,60.634645,28315.440994,1408.532,662.351099,5.422137,290.474945,3.06,2763.663027,3.24597,2.275833,13.863987,1.649883,545.72,0.657111,0.051562,0.037048,5.287744,0.116431,1.75595,1297.481476,974.318,6.99875,569.043104,983145.867641
321,60.634645,26882.318494,1385.116,638.601099,5.2338,293.580745,3.44,2763.663027,3.24597,2.275833,13.845666,1.613723,545.72,0.657111,0.051562,0.037048,5.252067,0.114502,1.75595,1273.731476,974.318,6.7375,569.043104,983146.935317
322,60.634645,25536.170085,1361.366,644.851099,5.2338,296.686545,3.63,2534.363475,3.28454,2.284511,13.845666,1.596849,622.86,0.64554,0.051562,0.037048,5.252067,0.114502,1.75595,1309.832722,973.034,6.47625,559.400604,983145.760873
323,60.634645,25913.307585,1361.366,621.101099,5.045462,291.651545,3.44,2534.363475,3.24597,2.264262,13.790704,1.594438,546.804832,0.633969,0.052526,0.037048,5.252067,0.112574,1.707737,1376.082722,949.284,6.215,565.348504,983145.227035
324,60.219039,26290.445085,1337.616,627.351099,5.2338,291.379337,3.82,2534.363475,3.2074,2.255584,14.047194,1.604081,469.664832,0.622398,0.051562,0.038012,5.21639,0.111995,1.707737,1412.332722,963.934,6.215,565.348504,983146.935317
325,60.219039,26667.582585,1337.616,603.601099,5.045462,286.344337,4.01,2763.663027,3.16883,2.252691,14.083835,1.64024,392.524832,0.622398,0.051562,0.037048,5.21639,0.111417,1.707737,1388.582722,940.184,6.7375,555.841608,983145.44057
326,60.219039,25234.460085,1313.866,579.851099,4.857125,295.015137,4.2,2992.96258,3.24597,2.223764,14.248722,1.606491,315.384832,0.622398,0.052526,0.037048,5.21639,0.112188,1.659525,1364.832722,938.9,6.99875,546.199108,983147.68269
327,59.803434,25423.28974,1290.116,556.144345,5.045462,289.980137,4.58,2763.663027,3.2074,2.232442,14.322005,1.616134,238.244832,0.610827,0.051562,0.036083,5.180712,0.112188,1.659525,1341.082722,915.15,7.26,536.556608,983145.867641
328,59.803434,23990.16724,1266.366,562.394345,5.045462,290.506992,4.58,2534.363475,3.24597,2.24112,14.157118,1.620955,234.0744,0.599256,0.050598,0.036083,5.145035,0.114309,1.659525,1347.332722,891.4,7.26,526.914108,983145.333803
329,59.387829,22557.04474,1281.016,568.78359,5.045462,285.471992,4.39,2305.063922,3.36168,2.270048,14.010552,1.613723,156.9344,0.587685,0.050598,0.036083,5.109358,0.113538,1.659525,1353.582722,867.65,6.99875,527.049712,983143.839056
330,58.972223,22934.18224,1257.266,545.03359,5.2338,280.436992,4.2,2305.063922,3.36168,2.270048,13.863986,1.616134,329.2408,0.576114,0.050598,0.035119,5.252067,0.113538,1.804162,1359.832722,867.65,7.26,517.407212,983148.350535
331,58.972223,21501.05974,1233.516,521.28359,5.045462,275.401992,4.01,2305.063922,3.40025,2.24112,13.845666,1.645061,252.1008,0.576114,0.051562,0.034155,5.21639,0.113538,1.852375,1366.082722,882.3,7.26,507.764712,983151.019725
332,59.803434,20067.93724,1233.516,557.53359,4.857125,270.366992,4.2,2075.76437,3.40025,2.270048,13.6991,1.611313,424.4072,0.564543,0.050598,0.035119,5.180712,0.111609,1.804162,1342.332722,896.95,6.99875,532.997612,983149.097908
333,59.803434,24065.59474,1209.766,563.78359,5.045462,265.331992,4.01,2075.76437,3.40025,2.258477,13.6991,1.567921,471.9904,0.552972,0.051562,0.036083,5.145035,0.111609,1.804162,1318.582722,873.2,6.7375,523.355112,983148.655429
334,59.803434,24442.73224,1186.016,540.03359,5.045462,260.296992,4.01,2305.063922,3.40025,2.249798,13.754062,1.582385,394.8504,0.576114,0.051562,0.037048,5.145035,0.112381,1.900587,1294.832722,926.25,6.99875,522.833808,983149.0825
335,60.219039,24819.86974,1162.266,606.28359,5.045462,263.402792,3.82,2305.063922,3.36168,2.249798,13.607496,1.577564,317.7104,0.564543,0.051562,0.036083,5.109358,0.111609,1.852375,1301.125968,902.5,6.99875,513.191308,983147.26745
336,59.803434,23386.74724,1215.65,582.53359,5.045462,258.367792,3.82,2534.363475,3.36168,2.249798,13.479251,1.553458,614.74,0.564543,0.052526,0.035119,5.109358,0.111031,1.804162,1307.375968,878.75,8.04375,544.372108,983147.801288
337,59.387829,23763.88474,1191.9,558.78359,5.422137,253.332792,4.01,2534.363475,3.32311,2.261369,13.570854,1.551047,622.86,0.564543,0.053491,0.036083,5.073681,0.111802,1.852375,1313.625968,855.0,8.04375,569.605008,983146.667331
338,58.972223,27570.337978,1168.15,565.03359,5.2338,253.332792,3.82,2305.063922,3.36168,2.261369,14.010552,1.546226,622.86,0.552972,0.053491,0.036083,5.073681,0.115081,1.900587,1319.875968,895.9,7.7825,559.962508,983146.347028
339,58.556618,27947.475478,1182.8,541.28359,5.045462,256.438592,4.01,2534.363475,3.51596,2.252691,13.973911,1.577564,545.72,0.541401,0.053491,0.036083,5.109358,0.114309,1.900587,1296.125968,948.95,8.04375,565.910408,983144.745514
340,59.387829,26514.352978,1159.05,607.53359,5.2338,251.403592,3.82,2534.363475,3.47739,2.281619,13.845666,1.599259,622.86,0.52983,0.053491,0.036083,5.109358,0.114116,1.900587,1332.375968,925.2,8.04375,556.267908,983144.211676
341,58.972223,26891.490478,1135.3,611.361968,5.2338,254.509392,3.82,2534.363475,3.47739,2.290297,13.863986,1.592028,545.72,0.552972,0.052526,0.037048,5.145035,0.112188,1.852375,1338.625968,901.45,8.305,546.625408,983144.425211
342,59.387829,25458.367978,1111.55,587.611968,5.422137,257.615192,3.82,2534.363475,3.43882,2.310546,13.863986,1.592028,545.72,0.541401,0.052526,0.036083,5.109358,0.110838,1.9488,1378.550345,954.5,8.56625,562.215808,983143.357535
343,59.387829,25928.272401,1087.8,593.861968,5.422137,273.048792,3.63,2534.363475,3.43882,2.310546,13.809024,1.589617,468.58,0.52983,0.051562,0.036083,5.073681,0.114116,1.997012,1354.800345,930.75,8.56625,552.573308,983141.943932
344,58.972223,24495.149901,1102.45,570.111968,5.2338,268.013792,3.63,2305.063922,3.40025,2.301868,13.845666,1.635419,392.524832,0.518259,0.051562,0.035119,5.073681,0.114695,1.9488,1391.050345,933.25,8.305,568.163708,983142.080636
345,58.556618,24872.287401,1143.35,576.361968,5.2338,262.978792,3.44,2305.063922,3.36168,2.290297,13.809024,1.654704,315.384832,0.506688,0.051562,0.034155,5.038003,0.115466,1.997012,1367.300345,909.5,8.56625,574.111608,983140.904562
346,58.972223,30680.204901,1119.6,582.611968,5.2338,257.943792,4.01,2305.063922,3.32311,2.287404,14.028873,1.719791,238.244832,0.495117,0.052526,0.035119,5.109358,0.114116,1.9488,1373.550345,885.75,8.56625,580.059508,983139.730118
347,59.387829,29247.082401,1095.85,586.488345,5.045462,274.755392,3.82,2992.96258,3.32311,2.258477,14.376967,1.690863,161.104832,0.483546,0.052526,0.034155,5.145035,0.119516,1.900587,1349.800345,938.8,9.08875,586.007408,983139.76967
348,59.387829,29624.219901,1072.1,562.738345,5.045462,277.861192,3.82,3222.262132,3.32311,2.238227,14.340326,1.645061,156.9344,0.471975,0.051562,0.033191,5.180712,0.117588,1.852375,1326.050345,915.05,8.8275,591.955308,983138.808762
349,58.972223,28191.097401,1048.35,568.988345,5.045462,272.826192,3.82,3222.262132,3.36168,2.2093,14.358647,1.633008,329.2408,0.471975,0.051562,0.033191,5.145035,0.116816,1.852375,1302.300345,940.016,9.08875,613.493608,983138.701994
350,58.556618,26931.719056,1086.75,545.238345,5.045462,267.791192,3.63,2992.96258,3.36168,2.197729,14.43193,1.731844,376.824,0.471975,0.050598,0.033191,5.109358,0.115466,1.804162,1308.550345,916.266,8.8275,603.851108,983137.741086
351,58.556618,29119.116556,1063.0,588.597099,5.045462,262.756192,3.44,2992.96258,3.32311,2.17748,14.376967,1.707738,299.684,0.471975,0.049634,0.032226,5.145035,0.114888,1.75595,1284.800345,892.516,8.56625,594.208608,983137.208878
352,58.556618,27685.994056,1063.0,564.847099,4.857125,257.721192,3.63,2992.96258,3.32311,2.217978,14.413609,1.765593,347.2672,0.460404,0.049634,0.032226,5.109358,0.114116,1.75595,1261.050345,869.1,8.305,600.156508,983136.034434
353,58.556618,28063.131556,1039.25,571.097099,4.668787,262.756192,3.63,2763.663027,3.28454,2.2093,14.248722,1.719791,394.8504,0.448833,0.049634,0.031262,5.109358,0.114116,1.804162,1237.300345,845.35,8.04375,606.104408,983136.849023
354,58.141012,26968.808117,1116.05,637.347099,4.857125,265.861992,3.82,2763.663027,3.28454,2.229549,14.19376,1.777646,317.7104,0.448833,0.048669,0.030298,5.109358,0.114116,1.75595,1243.550345,860.0,7.7825,612.052308,983136.421953
355,58.556618,27345.945617,1116.05,641.127476,4.668787,274.532792,3.63,2534.363475,3.32311,2.249798,14.505213,1.777646,490.0168,0.448833,0.047705,0.030298,5.073681,0.114116,1.707737,1279.74759,898.4,8.04375,602.409808,983136.208418
356,58.556618,25912.823117,1092.3,647.377476,4.48045,274.6036,3.82,2305.063922,3.32311,2.229549,14.358647,1.782467,537.6,0.448833,0.047705,0.030298,5.180712,0.113924,1.707737,1255.99759,874.984,8.04375,592.767308,983138.264257
357,59.387829,26289.960617,1129.416,623.627476,4.668787,277.7094,3.82,2534.363475,3.32311,2.270048,14.358647,1.784878,622.86,0.448833,0.047705,0.030298,5.252067,0.111995,1.659525,1292.24759,851.234,8.04375,614.305608,983140.137868
358,59.387829,26667.098117,1105.666,629.877476,4.48045,277.7094,3.63,2534.363475,3.28454,2.281619,14.230402,1.758361,622.86,0.483546,0.046741,0.029334,5.21639,0.112767,1.611312,1268.49759,827.484,7.7825,620.253508,983140.992009
359,58.972223,25233.975617,1144.066,639.609853,4.48045,272.6744,3.63,3222.262132,3.24597,2.252691,14.19376,1.731844,622.86,0.483546,0.046741,0.029334,5.21639,0.114116,1.611312,1244.74759,803.734,7.7825,610.611008,983140.137868
360,58.972223,25611.113117,1144.066,703.34223,5.045462,283.921,3.44,2992.96258,3.32311,2.261369,14.047194,1.758361,545.72,0.495117,0.046741,0.029334,5.180712,0.114116,1.611312,1250.99759,779.984,7.7825,600.968508,983140.992009
361,58.972223,24177.990617,1144.066,709.59223,5.045462,278.886,3.25,2763.663027,3.28454,2.29319,13.992232,1.763182,545.72,0.483546,0.045777,0.030298,5.180712,0.114116,1.611312,1255.017968,756.234,7.52125,627.216408,983142.379988
362,58.556618,24555.128117,1158.716,715.84223,5.2338,273.851,3.25,2763.663027,3.28454,2.313439,14.230402,1.763182,469.664832,0.471975,0.045777,0.031262,5.180712,0.115466,1.611312,1321.267968,754.95,8.04375,617.573908,983143.554432
363,58.556618,28552.785617,1134.966,722.327476,5.422137,268.816,3.44,2534.363475,3.24597,2.304761,14.450251,1.772824,392.524832,0.460404,0.044812,0.032226,5.145035,0.117395,1.611312,1327.517968,769.6,8.04375,623.521808,983144.434197
364,58.972223,28929.923117,1173.366,698.577476,5.798812,271.9218,3.25,2534.363475,3.24597,2.316332,14.43193,1.736665,315.384832,0.460404,0.043848,0.032226,5.21639,0.118552,1.611312,1303.767968,784.25,8.305,629.605312,983146.265858
